3 2
2 1 4
0
3 3 4 8
3 2
4 1 5 8 9
3 2 5 9
5 2 4 5 7 9
3 3
2 1 4
3 2 5 9
2 2 4
3 3
2 1 2
3 1 2 9
2 2 4
1 1
0
1 1
1 1
2 1
1 2
1 1
2 1
0
1 4
2 1
0
0
2 2
1 1
1 2
2 2
2 1 3
2 2 3
2 2
2 1 3
2 1 3
2 2
4 2 5 7 9
4 2 4 7 10
3 2
3 1 5 7
3 3 5 6
3 3 6 8
3 2
3 1 5 9
3 2 5 9
3 2 4 9
3 3
4 1 2 5 9
3 2 5 9
4 1 2 4 9
3 3
4 1 3 5 9
3 2 5 9
4 1 2 4 8
3 3
4 1 3 5 9
0
4 1 2 4 8
3 2
4 1 3 4 9
0
4 1 2 4 8
49 49
1 1
1 1
1 1
1 1
1 1
1 1
1 1
1 1
1 1
1 1
1 1
1 1
1 1
1 1
1 1
1 1
1 1
1 1
1 1
1 1
1 1
1 1
1 1
1 1
1 1
1 1
1 1
1 1
1 1
1 1
1 1
1 1
1 1
1 1
1 1
1 1
1 1
1 1
1 1
1 1
1 1
1 1
1 1
1 1
1 1
1 1
1 1
1 1
1 1
49 49
1 99
1 99
1 99
1 99
1 99
1 99
1 99
1 99
1 99
1 99
1 99
1 99
1 99
1 99
1 99
1 99
1 99
1 99
1 99
1 99
1 99
1 99
1 99
1 99
1 99
1 99
1 99
1 99
1 99
1 99
1 99
1 99
1 99
1 99
1 99
1 99
1 99
1 99
1 99
1 99
1 99
1 99
1 99
1 99
1 99
1 99
1 99
1 99
1 99
49 49
2 1 99
2 1 99
2 1 99
2 1 99
2 1 99
2 1 99
2 1 99
2 1 99
2 1 99
2 1 99
2 1 99
2 1 99
2 1 99
2 1 99
2 1 99
2 1 99
2 1 99
2 1 99
2 1 99
2 1 99
2 1 99
2 1 99
2 1 99
2 1 99
2 1 99
2 1 99
2 1 99
2 1 99
2 1 99
2 1 99
2 1 99
2 1 99
2 1 99
2 1 99
2 1 99
2 1 99
2 1 99
2 1 99
2 1 99
2 1 99
2 1 99
2 1 99
2 1 99
2 1 99
2 1 99
2 1 99
2 1 99
2 1 99
2 1 99
49 30
10 1 2 3 4 5 6 7 8 9 10
20 1 2 3 4 5 6 7 8 9 10 11 12 13 14 15 16 17 18 19 20
30 1 2 3 4 5 6 7 8 9 10 11 12 13 14 15 16 17 18 19 20 21 22 23 24 25 26 27 28 29 30
34 1 2 3 4 5 6 7 8 9 10 11 12 13 14 15 16 17 18 19 20 21 22 23 24 25 26 27 28 29 30 31 32 33 34
3 1 5 99
3 1 5 99
3 1 5 99
3 1 5 99
3 1 5 99
3 1 5 99
3 1 5 99
3 1 5 99
3 1 5 99
3 1 5 99
3 1 5 99
3 1 5 99
3 1 5 99
3 1 5 99
3 1 5 99
3 1 5 99
3 1 5 99
3 1 5 99
3 1 5 99
3 1 5 99
3 1 5 99
3 1 5 99
3 1 5 99
3 1 5 99
3 1 5 99
3 1 5 99
3 1 5 99
3 1 5 99
3 1 5 99
3 1 5 99
3 1 5 99
3 1 5 99
3 1 5 99
3 1 5 99
3 1 5 99
3 1 5 99
3 1 5 99
3 1 5 99
3 1 5 99
3 1 5 99
3 1 5 99
3 1 5 99
3 1 5 99
3 1 5 99
3 1 5 99
3 3
0
2 15 19
4 1 5 8 19
3 2
4 4 5 11 16
6 3 5 6 11 14 18
0
5 4
0
6 1 4 6 8 13 19
1 4
2 11 20
10 1 4 5 7 11 12 13 14 16 18
10 8
9 1 4 7 8 11 12 14 15 16
6 1 10 13 17 19 20
0
8 1 2 3 4 5 6 9 11
5 1 5 11 12 19
7 5 7 8 10 14 18 19
7 3 6 7 8 9 12 17
4 2 9 11 15
1 1
7 1 2 5 8 13 18 20
10 7
4 1 5 9 13
4 6 9 11 15
6 8 11 16 18 19 20
0
8 2 5 6 7 11 13 17 18
7 1 2 9 15 16 17 18
4 1 3 11 19
5 8 9 13 17 19
1 9
1 16
3 1
8 1 2 3 7 14 16 19 20
9 1 2 4 6 7 9 11 17 18
2 4 8
7 2
8 1 3 4 7 8 9 12 16
10 2 3 4 5 7 10 11 12 17 20
7 2 4 5 7 12 15 18
1 9
0
4 5 8 9 15
4 1 12 13 19
19 18
9 3 4 8 10 11 12 13 18 19
12 2 3 4 5 6 7 9 10 11 16 18 19
3 3 5 16
7 4 6 10 12 14 15 18
15 1 2 5 6 7 8 10 11 12 14 16 17 18 19 20
4 3 8 14 18
8 2 3 4 5 7 10 18 19
13 1 2 3 4 5 11 12 14 15 16 18 19 20
5 1 4 11 13 15
3 8 9 14
4 1 2 14 19
4 2 6 12 13
11 5 7 9 10 11 12 13 14 15 16 17
9 5 8 9 10 11 13 14 17 19
12 2 3 4 6 7 9 10 11 12 13 16 19
9 1 2 6 11 12 13 14 18 20
4 12 14 18 20
11 4 5 6 7 10 12 13 14 16 18 19
4 3 5 10 19
8 4
7 4 6 7 9 14 16 18
5 3 4 5 6 20
14 1 2 4 6 8 9 11 13 14 15 16 17 18 20
10 3 4 5 7 9 10 12 18 19 20
6 6 8 12 13 16 19
8 3 8 11 12 13 14 17 18
11 1 4 5 10 13 14 15 16 17 18 19
7 2 5 6 14 16 17 20
6 2
5 1 14 16 17 18
3 6 8 11
11 3 4 5 8 9 13 14 15 17 19 20
15 2 3 4 5 6 7 8 9 11 12 14 15 16 17 18
12 1 2 6 7 8 9 10 12 13 18 19 20
9 2 3 4 6 7 9 13 18 20
6 4
3 3 11 16
10 1 6 7 8 9 12 15 16 18 19
7 3 7 9 10 12 13 18
7 4 7 10 11 12 17 18
6 1 4 5 8 10 20
14 1 2 3 4 5 6 7 8 9 10 14 15 19 20
6 5
8 2 5 6 12 13 14 17 19
6 1 4 5 9 10 15
10 2 3 4 5 7 8 16 18 19 20
7 3 4 7 9 14 17 20
15 1 2 3 4 5 6 7 8 9 10 11 12 13 19 20
12 1 3 4 6 7 9 10 12 15 16 17 18
11 11
4 8 9 10 14
12 1 4 8 9 10 12 14 15 16 17 19 20
14 1 2 3 4 5 8 10 12 13 14 15 17 18 20
10 3 6 8 11 12 14 16 18 19 20
10 4 6 10 11 12 13 15 16 18 19
6 5 6 9 15 17 18
11 1 5 6 8 9 10 11 12 15 16 20
15 1 2 4 5 7 8 10 11 12 13 14 15 17 18 20
13 3 4 6 9 10 11 12 13 14 15 16 17 18
8 5 7 8 9 12 17 19 20
10 1 2 3 8 9 10 13 16 17 20
15 14
12 3 5 6 7 11 12 14 15 16 17 19 20
14 4 5 6 7 8 9 10 11 12 15 16 17 18 20
6 2 5 7 15 16 19
7 1 3 5 8 9 12 15
9 1 3 6 8 9 10 11 16 19
9 4 5 6 9 12 13 14 19 20
5 4 5 6 9 17
8 1 3 4 8 9 12 13 18
7 2 4 7 9 12 14 16
11 1 4 6 8 10 11 12 13 16 18 20
14 1 3 4 6 8 9 10 11 14 15 16 18 19 20
4 1 3 4 19
4 4 6 10 11
15 2 5 6 7 8 9 10 11 12 13 14 15 16 17 19
15 1 3 5 6 8 9 10 11 13 15 16 17 18 19 20
8 8
14 2 3 4 5 6 7 8 10 11 14 15 16 17 18
3 6 15 19
5 1 2 7 9 17
10 2 3 4 10 11 12 13 15 17 18
9 2 4 7 9 10 11 13 14 19
11 4 6 8 9 10 12 14 15 18 19 20
7 5 8 12 13 15 16 18
6 1 6 9 13 17 20
20 14
4 2 7 8 17
5 2 3 4 5 6
11 1 2 9 10 11 12 13 15 17 19 20
9 1 2 4 7 8 9 10 14 18
10 1 2 6 7 9 10 12 18 19 20
5 6 12 17 19 20
8 2 3 7 8 10 15 19 20
3 2 4 10
5 3 4 7 18 20
13 2 3 5 6 7 9 11 14 15 17 18 19 20
14 1 2 4 6 7 8 9 10 11 12 14 16 19 20
12 1 2 3 5 6 7 8 9 10 11 14 20
9 1 7 10 11 12 13 14 16 19
15 1 2 3 5 7 8 9 10 11 13 15 17 18 19 20
3 5 18 19
8 3 5 6 10 12 15 18 20
15 1 2 4 6 7 8 9 10 11 12 13 14 15 17 20
8 1 5 8 9 11 13 14 16
14 2 3 5 6 7 8 9 12 14 15 16 17 18 20
13 1 3 4 5 7 9 10 13 15 16 18 19 20
16 2
7 2 3 6 10 12 13 15
13 2 3 5 6 8 10 11 14 15 16 17 19 20
11 1 2 5 7 8 9 11 15 16 19 20
10 1 3 4 6 7 9 13 15 16 19
7 1 2 4 9 15 17 19
8 1 3 5 7 8 11 16 20
5 2 3 5 6 19
14 1 2 3 4 5 7 12 13 15 16 17 18 19 20
8 3 4 6 7 9 13 16 17
7 7 8 10 13 15 19 20
13 2 3 4 5 7 9 11 12 13 14 17 18 19
4 7 10 13 14
10 2 4 7 9 10 11 13 15 17 19
15 1 2 3 4 5 7 8 11 12 13 14 15 16 17 18
7 7 8 9 14 15 18 20
15 1 2 3 4 5 6 8 9 11 12 13 14 17 18 20
17 7
10 1 3 5 6 8 13 14 15 18 19
15 1 3 4 6 7 8 9 10 12 14 15 17 18 19 20
13 1 2 5 6 8 9 10 12 15 16 17 19 20
11 1 4 5 6 11 13 14 16 17 18 19
8 1 3 4 6 7 9 17 18
3 4 8 20
11 2 3 5 7 10 11 12 13 14 18 20
10 1 7 8 10 11 12 13 14 15 20
8 1 4 5 8 10 11 19 20
5 3 4 7 12 15
14 1 2 4 5 6 8 9 10 12 13 15 16 19 20
11 3 6 8 11 12 13 14 15 16 17 18
12 1 2 3 4 7 9 10 12 14 15 17 18
8 5 7 8 10 13 15 16 17
6 1 2 9 10 11 12
15 1 2 3 4 6 8 9 10 11 12 14 15 17 19 20
3 3 10 18
12 7
15 1 2 3 4 5 6 7 12 13 14 16 17 18 19 20
10 2 3 4 8 11 14 16 17 18 19
10 1 2 6 7 10 15 16 17 19 20
8 2 3 6 9 10 16 17 20
6 1 6 7 11 13 16
13 3 4 5 6 7 10 11 12 13 14 15 17 20
14 2 3 4 5 7 9 11 12 13 14 16 18 19 20
9 6 7 8 11 13 15 16 19 20
3 11 14 16
4 1 3 5 14
7 4 10 11 14 16 18 19
10 4 8 9 10 11 12 16 17 18 19
19 10
15 1 2 3 4 7 9 10 11 13 14 15 16 17 19 20
12 1 2 3 5 7 8 9 13 14 15 17 18
7 1 3 4 7 11 12 18
8 1 3 7 12 15 17 18 20
14 2 3 6 7 9 10 11 12 13 16 17 18 19 20
8 3 4 6 7 8 9 15 18
9 1 3 5 8 10 11 13 17 18
12 1 3 5 6 7 9 11 13 14 15 16 20
8 4 8 9 13 14 16 17 19
4 2 4 5 8
9 1 4 6 9 14 15 16 18 19
6 6 10 11 15 17 20
6 2 8 9 13 19 20
5 6 10 12 14 18
14 1 2 4 5 6 7 10 12 13 14 15 16 19 20
3 1 5 19
11 1 5 8 9 11 12 13 14 15 16 18
11 1 2 5 6 8 10 14 15 18 19 20
10 1 4 6 7 8 12 13 17 19 20
8 6
6 1 2 6 14 18 20
8 3 6 9 13 14 15 18 19
14 1 4 5 7 8 9 10 13 14 16 17 18 19 20
13 1 4 5 7 8 9 10 11 12 16 18 19 20
14 1 2 5 6 7 9 10 12 13 14 16 18 19 20
15 3 4 5 7 8 9 10 12 13 14 15 16 17 19 20
4 2 11 13 17
14 1 2 5 6 7 8 9 11 13 14 15 16 17 20
9 4
15 1 3 4 5 8 9 10 11 12 15 16 17 18 19 20
13 2 3 4 6 7 8 10 13 14 15 16 17 19
14 1 2 3 4 6 8 10 11 12 15 16 17 19 20
6 3 4 8 12 16 18
6 6 7 9 13 17 19
6 2 3 5 7 9 14
10 1 5 7 12 13 14 17 18 19 20
3 3 10 20
9 1 3 4 8 10 13 14 18 20
11 7
8 2 3 4 5 10 15 17 18
3 3 16 20
4 8 9 10 19
15 2 3 5 6 8 9 11 12 13 14 15 17 18 19 20
11 2 6 7 8 9 10 11 16 17 18 19
9 3 5 12 13 14 16 17 19 20
3 6 8 15
10 2 3 7 8 10 13 14 15 17 18
14 2 3 4 6 7 8 10 11 12 15 17 18 19 20
15 3 4 5 6 8 10 11 12 13 14 15 16 17 18 20
13 2 4 5 6 7 9 11 13 14 16 17 18 19
10 3
15 1 2 3 4 5 6 7 9 10 12 13 15 17 19 20
3 13 18 20
9 1 4 5 7 10 12 16 19 20
13 4 5 6 7 8 9 10 12 13 15 17 19 20
11 1 3 5 6 8 11 12 14 15 19 20
7 4 7 9 10 11 17 20
4 2 3 6 8
3 3 17 20
10 3 4 5 6 8 9 10 12 17 18
8 2 3 7 8 10 11 12 16
16 3
15 1 2 4 5 6 7 9 13 14 15 16 17 18 19 20
3 1 6 9
7 2 4 6 7 10 11 14
12 3 4 7 8 10 11 14 15 17 18 19 20
4 4 6 10 16
12 3 4 6 8 9 11 12 14 15 16 17 19
9 3 5 7 10 13 14 16 18 20
10 1 3 4 6 7 8 9 12 13 19
8 1 2 3 4 12 16 17 20
7 2 3 9 13 14 15 17
5 3 4 10 15 18
5 8 11 14 16 20
10 3 4 5 9 10 13 17 18 19 20
4 2 5 8 16
11 3 5 7 8 9 10 11 12 15 17 20
15 1 2 3 4 6 7 9 10 11 12 14 17 18 19 20
14 2
13 1 2 4 5 6 12 13 14 15 16 18 19 20
14 1 3 5 6 7 8 9 10 11 12 14 15 18 19
9 3 4 6 7 10 11 12 18 19
11 2 3 4 5 7 9 10 11 13 15 19
15 1 2 3 5 6 7 8 9 10 11 12 14 15 16 17
6 8 10 12 13 16 18
14 1 2 3 4 5 7 10 11 12 13 14 16 17 20
12 2 4 6 7 8 9 10 11 14 16 17 20
4 4 6 11 14
12 2 3 4 5 7 11 12 13 14 15 16 17
4 4 8 16 20
6 3 4 5 8 12 14
8 1 4 8 10 11 12 18 19
13 1 2 3 5 6 7 8 9 11 12 13 17 18
20 16
5 1 4 6 10 15
11 1 3 4 6 9 11 12 14 15 18 20
7 2 8 12 13 14 15 18
10 4 8 9 11 14 16 17 18 19 20
6 1 2 3 4 10 19
10 2 3 5 8 11 14 17 18 19 20
7 1 4 9 15 16 17 19
6 2 4 6 10 17 19
7 2 6 9 10 12 13 18
4 2 11 15 17
3 1 4 17
6 4 7 8 9 15 18
14 2 3 4 6 7 8 9 10 12 14 15 18 19 20
7 1 2 8 10 16 17 19
7 1 2 5 7 8 9 15
4 1 11 16 19
15 3 4 5 6 7 9 10 12 13 14 15 17 18 19 20
15 1 2 4 5 7 8 9 10 11 12 13 14 15 19 20
12 1 2 3 4 5 10 11 13 14 15 16 19
3 7 14 16
14 10
10 1 3 4 6 8 9 10 11 14 18
14 1 2 3 5 6 7 9 12 13 14 15 16 17 18
5 2 3 5 7 20
7 1 5 8 9 10 11 16
6 5 8 9 16 18 20
13 3 5 8 10 12 13 14 15 16 17 18 19 20
11 3 5 7 10 12 13 14 15 17 18 20
7 1 2 4 6 15 16 20
14 1 3 4 7 8 9 10 12 13 14 16 17 18 20
7 4 5 8 11 16 17 19
4 5 13 15 18
4 3 8 17 20
9 3 4 6 8 10 12 15 18 20
5 1 2 6 15 16
19 2
4 3 8 12 17
15 1 2 3 4 5 6 7 9 10 11 12 13 15 19 20
12 2 3 4 6 7 8 9 11 14 15 16 17
15 2 3 4 6 7 8 9 11 12 13 14 16 17 18 20
11 2 4 9 10 11 12 13 14 15 17 20
11 2 4 6 7 9 10 12 14 16 18 20
12 1 3 5 6 8 9 12 13 14 15 16 20
6 1 6 9 11 12 18
4 5 9 11 14
5 2 10 11 14 16
6 2 3 4 7 11 16
13 1 2 3 5 6 10 11 12 13 15 16 19 20
5 7 9 10 12 16
14 1 2 3 6 7 8 9 11 13 16 17 18 19 20
14 2 3 4 5 6 7 8 11 12 14 15 16 19 20
8 2 3 6 8 11 14 16 17
11 2 3 4 5 8 10 11 13 14 15 16
7 1 7 8 10 12 15 17
6 5 6 8 13 17 19
10 1
8 1 4 7 8 15 16 17 19
5 1 2 4 5 9
6 1 4 9 13 14 19
15 2 3 4 5 7 8 9 10 12 14 15 17 18 19 20
12 1 2 3 4 5 6 11 12 13 15 16 20
12 1 7 8 10 11 12 13 14 15 16 18 19
8 2 5 8 12 13 15 17 19
9 1 2 3 7 9 13 14 17 20
10 3 4 6 7 9 11 15 16 19 20
4 1 4 12 15
17 8
5 1 4 16 18 19
7 6 8 9 12 14 15 20
7 2 5 8 15 18 19 20
10 5 6 7 9 11 12 13 14 15 20
7 1 2 8 9 16 18 19
10 2 3 6 8 9 11 12 13 14 19
9 1 2 4 6 8 9 16 17 18
4 4 7 11 19
15 2 4 5 6 7 8 9 10 11 14 15 17 18 19 20
7 1 5 7 10 12 13 18
8 2 4 6 10 13 17 18 20
3 3 8 20
7 1 6 7 13 15 16 19
4 3 4 6 18
3 6 9 20
7 2 3 7 12 13 15 16
10 2 4 7 8 9 11 13 15 17 18
7 1
9 3 4 5 6 10 13 15 18 20
12 2 4 5 7 8 9 10 11 12 16 17 19
9 1 2 4 12 14 16 18 19 20
13 1 2 3 5 6 9 10 12 14 16 17 18 19
7 4 7 9 12 13 14 17
15 1 2 3 4 6 7 8 11 12 13 14 16 17 19 20
14 2 3 4 5 6 7 8 10 11 12 14 15 18 19
43 5
42 1 3 4 6 9 12 13 14 18 19 25 26 27 28 30 31 32 36 38 40 41 43 47 51 57 58 61 65 70 72 75 76 77 78 80 81 83 86 90 92 93 96
23 12 15 18 19 22 32 33 40 44 45 49 50 53 60 62 69 71 79 84 90 95 98 99
14 10 11 12 23 35 43 46 74 75 79 82 94 95 97
45 1 3 4 5 6 10 12 13 14 17 19 24 26 27 28 30 32 36 37 38 40 41 44 45 47 48 51 53 55 56 57 58 60 64 68 75 76 78 82 84 88 89 91 95 96
30 1 4 10 20 27 29 32 33 35 37 43 44 62 63 64 65 67 69 71 72 76 79 80 83 84 86 87 92 96 99
54 7 8 9 10 11 12 13 17 18 19 20 22 23 24 26 29 30 31 35 36 37 40 41 43 48 50 51 53 54 56 57 59 60 63 65 67 68 71 72 75 76 77 79 81 84 85 87 88 89 90 91 93 98 99
12 6 34 52 54 68 74 83 84 88 93 97 98
41 1 2 4 5 6 11 13 16 18 19 22 23 24 25 26 30 37 40 41 42 46 47 51 52 53 54 59 60 63 72 73 75 77 80 81 82 85 86 95 98 99
42 4 5 10 12 16 18 19 20 23 27 29 30 31 32 33 34 37 40 41 48 49 54 56 57 58 59 60 62 63 64 65 68 69 71 73 75 77 84 85 88 93 97
60 1 4 5 6 7 11 12 13 16 17 19 20 22 23 26 28 30 33 34 35 38 40 41 42 43 44 47 48 49 50 51 52 53 55 56 57 58 59 60 62 63 64 69 71 72 74 75 76 79 80 81 84 87 88 89 90 92 96 98 99
25 3 8 9 15 17 19 29 31 36 41 46 47 51 52 55 58 69 72 76 85 87 88 92 93 99
30 2 3 10 11 17 19 20 25 29 35 47 48 49 50 59 60 65 66 67 68 70 71 74 75 79 86 89 91 96 97
48 1 2 6 7 10 13 14 15 17 18 19 20 22 23 24 26 27 28 29 30 31 34 38 40 41 45 47 48 50 52 53 56 59 60 61 64 69 72 75 76 79 80 83 88 93 95 96 99
31 1 2 3 6 8 13 14 15 17 18 20 26 28 30 31 32 38 51 52 54 57 63 66 68 69 73 77 78 79 83 84
30 2 5 6 12 13 14 18 22 23 25 31 33 34 38 44 49 50 58 62 66 68 70 74 76 79 86 92 93 95 97
56 1 2 4 5 7 8 9 10 11 12 13 18 19 20 22 24 25 27 28 29 31 33 34 39 40 42 43 44 48 51 53 55 57 58 59 64 67 70 71 73 74 76 79 80 81 83 84 89 90 91 93 94 95 96 98 99
15 13 16 25 27 30 33 37 41 45 49 60 65 75 83 94
29 2 3 4 6 21 25 30 34 37 46 55 56 57 59 60 61 63 69 72 75 76 80 82 87 89 90 92 95 97
33 2 5 7 19 20 28 29 30 34 35 36 41 44 45 51 52 54 56 57 63 67 73 74 75 76 77 78 82 85 90 91 92 99
21 1 2 6 8 9 17 20 24 28 30 43 44 51 62 68 71 74 85 86 92 97
37 4 5 6 7 18 21 23 26 28 30 34 35 38 39 40 43 46 48 49 50 53 55 56 57 58 60 64 67 68 70 75 80 85 87 88 95 97
29 5 6 14 15 17 19 20 21 23 27 35 38 44 46 50 56 64 65 67 70 71 75 76 78 79 80 83 84 92
22 18 22 23 27 34 40 44 45 46 47 50 52 55 58 65 66 68 71 72 88 93 94
55 1 3 4 8 11 12 14 15 16 20 23 24 27 29 30 31 32 34 35 38 40 42 44 46 48 50 52 53 55 56 60 61 63 64 65 66 67 68 71 72 74 76 77 79 80 82 84 85 88 89 90 92 93 96 99
23 3 4 5 11 12 18 21 22 28 35 47 51 61 62 75 76 78 84 85 88 90 91 94
41 2 9 11 12 19 21 22 23 27 32 34 38 39 45 47 51 53 54 55 57 60 63 65 66 68 70 72 75 76 79 80 81 83 88 90 91 92 94 96 98 99
36 2 3 6 7 8 9 11 12 14 16 26 27 28 34 38 39 41 43 46 52 53 58 60 63 65 69 70 73 77 79 80 86 87 93 95 97
49 1 4 5 7 8 9 14 15 16 17 20 21 22 32 33 34 36 37 39 40 50 51 54 55 56 58 59 60 62 63 64 65 68 69 72 74 76 77 84 85 88 89 90 92 93 94 97 98 99
19 3 4 8 12 13 18 38 42 43 49 63 75 78 86 88 89 93 96 97
58 2 3 6 10 13 15 16 17 18 20 21 22 23 24 25 29 30 31 32 34 37 39 40 42 43 45 47 48 50 51 52 53 55 56 63 66 69 70 71 72 74 75 76 77 79 80 82 85 86 88 89 90 91 93 96 97 98 99
56 1 2 6 13 16 17 20 21 22 23 24 25 28 29 30 32 33 34 35 38 40 41 42 44 46 48 50 51 52 55 57 58 59 60 63 64 67 68 69 72 73 75 76 77 79 80 81 86 92 93 94 95 96 97 98 99
40 1 5 7 9 11 12 13 16 19 21 28 29 32 34 35 37 38 39 40 41 42 46 47 48 51 53 57 59 62 75 76 77 81 84 85 91 94 95 97 99
37 1 7 10 13 16 22 24 27 29 30 31 32 33 35 37 38 39 43 46 47 51 58 61 64 66 68 69 72 77 78 81 82 85 86 87 88 92
14 1 2 5 26 29 33 39 42 50 53 78 79 85 96
24 2 9 10 15 16 18 21 23 26 34 35 37 41 43 47 51 52 54 68 69 70 72 82 97
41 1 2 5 15 17 23 24 28 31 34 36 37 38 42 44 47 51 53 55 57 60 61 62 67 68 69 71 73 74 75 82 83 85 91 92 94 95 96 97 98 99
36 12 15 24 25 26 27 30 32 35 36 39 41 49 52 53 54 55 59 61 63 65 66 70 71 72 76 77 78 81 87 92 93 94 95 97 98
49 1 4 6 10 16 17 18 19 20 21 23 27 28 29 32 34 37 42 43 44 45 46 49 51 56 57 58 59 62 63 65 67 68 69 70 71 72 73 75 78 79 83 89 90 91 92 96 98 99
42 1 4 7 8 10 12 13 14 15 20 27 31 34 35 37 42 43 44 45 48 50 52 53 56 60 64 65 66 69 71 75 76 77 78 81 85 89 90 92 93 95 98
37 2 8 10 11 15 16 22 26 29 30 32 34 35 36 38 40 42 44 45 52 54 57 58 60 62 63 67 70 74 77 79 80 85 86 94 97 99
14 16 29 31 32 51 53 54 60 73 74 75 79 85 98
52 2 5 6 10 11 14 17 18 19 21 23 24 26 32 34 35 37 39 41 42 44 45 48 54 56 57 60 61 62 64 65 67 68 71 73 74 75 76 77 78 79 80 82 84 85 87 90 92 93 94 98 99
49 5 7 9 10 11 13 14 17 18 21 22 23 24 26 27 31 34 35 36 37 40 42 43 44 46 50 55 56 57 59 60 61 63 66 68 71 72 74 75 76 79 82 85 86 90 92 93 94 98
14 2
23 2 9 12 13 17 21 23 27 31 33 35 40 47 51 53 59 67 68 69 73 75 85 86
15 3 5 18 30 32 35 49 51 66 68 74 78 83 84 89
51 3 5 6 7 9 10 11 12 15 20 21 23 24 30 31 32 33 34 35 36 38 39 40 41 45 47 49 50 51 53 55 60 61 63 64 66 70 73 75 76 80 81 82 83 86 88 90 91 92 95 96
40 1 2 4 5 6 13 17 18 19 20 23 26 31 36 37 40 41 42 45 50 51 53 54 59 60 63 65 67 68 69 70 72 75 79 83 86 89 90 92 95
36 2 3 6 13 14 16 21 27 33 34 37 39 42 45 47 49 57 61 66 67 71 72 73 75 76 77 78 81 82 86 87 88 89 92 96 99
26 3 4 5 6 7 14 15 16 18 19 24 28 32 40 45 46 53 60 63 69 78 79 81 83 84 93
45 1 2 3 7 9 11 13 18 19 21 22 24 30 33 36 38 39 41 46 49 51 54 57 61 63 65 68 69 70 71 74 76 77 78 79 80 83 85 87 90 94 95 97 98 99
39 3 5 6 8 10 11 16 17 20 23 24 28 30 32 35 37 50 52 53 54 56 60 61 63 64 66 75 76 78 80 81 83 85 86 88 89 93 94 97
51 1 3 5 7 9 10 11 12 14 15 16 18 19 21 22 30 34 35 38 39 41 42 43 44 45 46 48 49 52 54 55 58 61 65 67 68 69 72 73 74 76 77 78 79 80 81 82 84 85 89 91
60 2 4 6 7 9 10 11 14 15 17 18 19 20 25 26 27 31 33 34 35 36 37 38 39 40 41 42 45 48 50 51 53 54 55 57 61 62 63 65 67 69 73 74 75 76 77 78 79 82 84 85 87 88 89 91 93 95 96 97 98
28 1 4 5 7 9 12 22 24 30 32 34 36 41 43 44 45 47 49 53 58 67 68 73 76 80 90 92 94
45 2 4 6 9 10 12 13 16 19 23 25 26 27 31 33 34 36 38 40 41 42 44 45 49 55 58 60 61 62 63 66 67 69 71 72 76 79 80 83 85 92 93 94 95 97
60 4 5 6 7 8 12 15 16 17 21 22 23 24 27 28 32 33 34 35 36 37 38 40 42 43 44 45 49 51 57 58 59 60 61 62 63 66 69 70 71 72 73 74 75 78 81 82 84 85 86 88 89 90 92 93 94 95 96 97 99
17 2 4 16 21 25 33 36 39 40 47 52 55 58 66 94 96 99
12 3
27 5 6 7 11 13 16 17 25 27 36 40 44 45 46 55 56 58 60 65 77 78 83 85 92 94 96 99
24 7 8 12 18 24 26 30 32 35 36 39 47 54 55 62 63 68 69 71 74 77 79 89 96
32 1 4 5 15 17 24 28 29 32 33 35 38 47 50 53 54 55 57 58 59 64 66 67 69 71 72 77 90 94 95 98 99
29 1 4 17 22 24 25 27 31 32 33 34 36 40 41 43 51 52 55 63 64 70 74 75 78 79 81 85 92 93
42 2 7 8 9 13 19 20 23 24 26 29 30 33 34 37 38 39 40 41 42 45 46 49 51 52 59 60 65 66 68 69 71 72 75 76 79 80 82 83 87 92 96
30 1 2 5 9 13 17 18 23 27 35 36 37 42 44 48 56 57 58 63 64 65 67 69 72 75 76 85 91 95 97
30 7 11 13 15 16 18 24 27 32 33 34 41 42 50 57 59 63 65 74 77 78 79 87 88 89 92 93 94 97 98
51 3 4 5 6 7 10 13 15 25 26 29 30 32 33 34 35 37 38 39 40 41 42 43 45 46 47 48 51 52 53 55 56 57 61 64 70 71 73 75 76 77 80 82 83 84 86 89 91 93 96 98
12 20 23 27 30 33 38 60 62 66 83 86 91
43 1 3 9 11 14 15 21 22 24 27 28 29 33 35 36 38 39 41 49 50 53 54 55 56 58 60 61 66 67 69 72 73 75 79 82 83 84 88 91 93 97 98 99
30 3 6 11 12 14 19 21 22 24 32 36 38 42 46 48 50 52 70 71 72 73 77 83 87 88 89 95 96 97 98
33 1 2 4 8 9 14 16 18 19 20 21 24 25 30 31 32 41 43 44 50 53 56 57 59 68 72 76 81 82 84 86 89 98
38 13
24 5 11 14 23 24 30 33 37 40 41 42 44 55 57 59 63 73 80 82 84 88 89 90 91
54 1 2 3 5 6 8 9 10 12 13 16 17 19 20 21 22 23 24 26 29 30 31 32 33 34 35 36 37 39 40 41 43 44 45 49 54 55 58 60 61 69 71 76 77 78 80 81 82 86 88 91 92 94 97
42 1 2 5 9 11 12 13 14 16 17 18 26 28 29 31 33 35 36 38 44 47 48 50 52 57 59 66 67 68 72 76 77 78 79 80 83 84 87 89 91 95 98
54 2 6 7 8 9 10 12 13 22 24 27 29 31 32 33 34 36 38 39 42 43 44 45 46 49 50 54 55 56 59 62 65 66 67 70 71 72 74 75 76 79 80 82 83 84 85 87 88 92 94 95 96 97 98
51 2 5 7 9 13 15 16 18 20 21 23 24 28 30 31 32 35 36 37 38 39 40 41 44 45 50 52 53 54 56 57 61 62 66 68 69 70 71 73 76 78 83 84 85 89 90 93 94 95 96 98
39 1 5 7 16 18 19 20 25 28 29 33 34 35 36 38 41 48 49 50 56 57 58 60 64 69 70 71 73 74 75 76 77 79 82 88 89 92 95 98
52 7 8 9 10 11 12 13 14 16 17 20 22 27 29 31 32 33 34 35 36 38 41 42 44 47 48 49 52 54 55 56 60 61 64 66 67 72 73 76 77 79 80 83 84 86 87 89 94 95 96 97 98
43 3 5 7 12 14 18 19 22 23 26 28 29 30 34 36 38 39 40 41 42 45 48 49 50 52 55 57 58 62 63 66 67 68 69 73 76 80 87 88 90 91 92 94
36 3 5 8 9 10 11 12 17 18 19 27 28 31 34 41 44 46 50 51 53 54 55 57 60 65 66 68 69 75 78 81 82 92 93 95 97
14 4 9 22 26 28 33 36 37 39 55 74 89 94 99
28 1 2 4 9 11 19 22 23 27 36 45 49 50 51 53 57 59 60 62 75 77 78 84 87 92 97 98 99
23 1 2 10 20 24 28 32 48 49 51 56 59 60 61 69 71 72 76 81 83 86 92 99
41 1 2 8 10 11 12 14 16 19 21 26 27 28 30 33 34 36 39 40 43 44 47 50 58 59 61 63 68 71 74 80 82 87 90 91 92 93 94 95 98 99
24 4 6 7 16 24 29 31 33 35 39 42 44 46 47 48 57 60 67 73 74 80 84 96 98
46 2 3 9 10 14 16 18 19 20 21 22 23 24 27 28 31 33 35 43 46 47 52 53 54 63 66 67 68 70 72 75 76 79 81 82 85 86 87 88 89 91 93 95 96 98 99
59 3 4 5 6 8 11 12 13 16 17 18 20 21 23 24 25 26 28 29 31 34 35 36 38 39 41 43 44 46 50 55 56 57 58 59 60 62 63 64 65 67 68 70 72 73 74 75 76 77 79 81 84 85 87 89 90 92 96 97
49 2 4 6 7 10 17 18 19 21 22 23 26 31 32 33 35 37 38 40 41 42 43 44 45 48 49 50 54 55 56 58 59 63 64 65 68 71 73 75 77 78 80 82 85 88 93 94 96 97
30 6 14 15 17 24 25 27 28 32 33 34 36 47 48 50 57 61 62 64 66 67 71 74 76 83 84 85 91 92 94
48 3 5 12 13 15 16 17 18 22 27 30 31 32 34 36 37 39 40 42 43 46 47 48 50 53 54 55 56 58 59 62 65 69 71 72 74 76 80 81 82 86 87 89 91 92 94 98 99
60 1 3 5 6 7 8 9 10 11 12 13 15 16 18 20 22 25 27 29 31 32 33 35 39 40 42 43 45 47 50 52 55 56 58 59 61 62 65 67 69 70 71 74 75 76 78 80 81 82 85 87 89 90 91 93 94 96 97 98 99
59 2 3 5 7 8 9 11 13 14 17 18 20 23 24 25 28 29 30 31 32 33 34 37 38 39 42 44 46 47 48 50 51 52 53 54 55 56 57 58 59 60 61 62 63 65 66 69 73 80 81 82 86 89 90 92 93 94 96 99
54 2 3 5 6 10 11 12 14 19 20 21 23 25 26 27 29 31 33 34 35 36 40 42 44 45 47 48 50 51 53 54 56 58 60 61 64 67 69 71 72 74 75 76 77 78 80 85 87 88 89 91 92 97 98
53 4 5 7 8 9 11 12 14 15 16 17 18 19 21 23 24 25 26 27 28 31 34 39 40 41 45 47 48 50 51 54 56 59 61 65 67 68 69 71 72 74 75 76 77 78 86 90 92 93 95 96 98 99
58 2 3 6 7 9 10 11 15 16 17 19 20 21 24 26 27 31 32 33 37 38 39 42 43 44 46 48 51 53 55 56 57 58 59 62 63 66 67 69 70 71 73 76 80 82 83 84 85 89 90 91 92 93 94 95 96 97 98
21 3 6 9 10 13 17 19 32 33 38 42 46 56 57 61 66 80 81 83 89 99
50 1 2 4 7 9 10 11 12 13 15 16 22 23 25 27 29 34 35 36 37 38 39 41 44 45 47 48 49 51 54 56 57 58 60 63 65 67 69 70 71 78 79 80 83 84 89 90 92 93 99
60 1 2 4 5 6 7 10 13 14 16 18 19 20 23 24 25 26 27 28 29 31 32 34 37 38 40 41 42 44 45 49 51 52 53 55 59 61 62 63 65 67 68 69 70 73 74 77 80 82 83 84 85 88 89 90 92 93 95 97 98
48 1 5 11 12 13 14 16 23 24 26 27 28 31 32 34 35 37 38 39 40 41 42 43 44 45 46 48 50 51 52 55 56 58 59 62 63 64 65 67 69 74 77 81 85 86 89 91 92
34 4 6 10 16 17 21 23 35 36 37 38 39 41 45 48 51 52 53 54 56 59 60 63 64 66 76 80 87 88 91 92 93 94 99
44 2 4 6 9 12 13 14 18 22 23 24 26 27 31 32 34 35 36 37 38 40 43 47 52 57 59 61 62 63 66 68 71 72 76 80 84 85 86 92 93 94 95 98 99
27 6 12 14 15 17 18 26 27 29 31 33 40 41 45 47 51 55 60 63 64 65 68 77 79 81 92 98
27 1 3 10 13 15 21 22 26 30 31 32 35 39 47 48 54 61 62 65 66 69 70 73 89 94 95 99
30 8 9 10 11 12 14 21 22 29 30 31 34 35 39 41 43 50 52 59 60 65 69 72 80 81 82 85 91 94 98
13 5 8 27 39 46 60 69 71 77 80 82 86 87
13 4 8 9 10 11 24 51 67 71 72 92 93 99
25 9 15 20 23 25 35 36 38 40 41 54 55 57 59 62 64 68 81 82 84 86 87 88 95 99
40 1 2 7 9 13 17 20 29 31 32 35 43 44 45 51 52 54 55 56 58 59 63 67 68 69 75 79 80 82 83 84 85 87 89 92 93 95 96 98 99
20 4 15 16 22 47 48 53 58 62 63 67 69 72 79 83 86 88 89 95 98
23 1
24 3 5 22 24 29 35 36 40 42 43 45 49 50 51 57 60 69 72 81 84 88 91 95 96
28 1 2 3 13 15 25 26 33 41 42 44 48 49 50 51 53 54 56 61 63 68 74 79 84 89 93 98 99
28 9 12 13 15 23 27 29 34 35 36 40 43 44 45 46 56 58 61 63 66 72 82 86 88 89 93 94 95
26 4 6 10 16 17 18 20 22 25 29 30 35 45 46 48 54 57 58 60 63 73 75 84 85 88 98
58 1 2 3 5 7 8 9 10 12 13 18 20 23 24 25 30 31 33 35 36 37 39 41 42 43 47 48 52 54 58 60 61 62 63 64 66 67 68 70 72 73 74 75 76 77 81 82 83 84 86 88 89 90 93 95 97 98 99
29 3 7 8 10 11 12 15 17 18 20 21 33 34 35 36 38 41 44 47 58 60 69 76 83 85 86 88 96 97
22 4 19 27 30 32 35 39 41 45 49 56 62 68 73 78 83 84 86 88 90 91 98
52 1 4 7 8 11 13 14 17 18 19 20 21 24 25 28 32 34 37 38 39 41 42 44 46 48 49 50 54 58 60 62 63 66 68 71 73 74 75 77 78 79 81 82 84 85 88 89 90 92 95 97 98
30 2 5 10 15 19 20 21 27 39 40 42 44 45 50 52 55 57 60 62 63 66 69 70 73 81 82 83 85 93 99
46 1 4 6 8 16 19 21 22 25 26 28 32 33 34 35 36 38 40 41 42 43 50 52 53 56 59 60 62 66 68 71 73 77 79 81 82 83 86 87 88 90 91 92 94 95 96
22 7 24 34 41 42 43 48 50 53 56 60 61 64 70 71 73 75 81 85 93 95 99
53 1 2 4 8 9 14 16 17 20 24 25 27 28 29 30 31 32 33 34 35 39 40 41 42 46 47 53 54 55 56 57 60 61 64 65 67 69 71 72 75 77 80 81 82 83 88 89 90 91 92 95 97 98
14 1 4 9 11 16 22 27 32 47 59 68 78 79 88
50 1 2 3 5 6 7 8 11 12 13 14 16 19 20 23 24 25 27 31 32 33 34 35 37 39 40 41 42 45 49 50 51 55 56 57 58 59 63 66 71 73 75 81 82 85 87 89 91 92 95
30 6 7 9 10 13 15 17 22 25 28 29 35 39 42 43 47 48 49 51 58 66 69 70 72 78 83 86 87 91 97
36 2 4 5 7 11 24 25 26 29 30 32 36 38 44 46 49 53 55 56 58 62 64 65 67 70 72 73 77 80 82 83 85 87 92 94 98
59 1 2 5 11 14 16 19 20 21 23 24 27 28 30 31 32 33 34 35 36 37 38 40 41 42 43 44 47 49 50 53 54 55 56 57 58 61 62 63 65 66 67 70 72 74 76 78 80 82 87 88 90 91 93 94 96 97 98 99
43 1 2 6 7 9 15 16 19 20 21 23 28 30 31 34 36 41 42 43 44 46 47 48 49 51 55 56 57 58 60 62 70 77 78 81 85 86 89 92 93 96 98 99
51 2 3 6 7 8 9 10 14 15 16 17 18 20 21 23 26 27 28 29 32 35 39 41 43 47 54 55 57 58 60 62 64 65 66 71 72 75 76 77 78 79 81 82 84 87 90 92 93 94 95 99
46 2 3 6 8 9 11 15 16 18 19 21 36 37 39 43 44 45 46 48 49 54 59 62 63 64 65 66 67 69 71 73 76 77 79 80 82 84 87 88 89 91 92 93 94 96 99
20 4 7 8 21 30 36 40 42 48 49 59 62 69 70 72 75 81 86 94 99
51 1 2 4 5 7 8 10 13 14 15 17 18 19 20 24 27 29 30 31 35 37 38 39 42 44 47 48 49 50 51 52 55 58 62 64 65 66 68 70 72 75 76 80 83 85 86 90 91 92 93 98
43 4 5 6 11 13 15 16 17 18 19 20 22 23 24 27 28 30 31 32 33 35 41 43 46 48 53 54 56 63 67 72 73 76 77 80 81 82 83 84 88 89 96 99
19 1
57 1 2 3 4 6 9 10 14 15 16 20 23 27 32 34 37 38 39 40 42 43 44 46 47 48 49 50 51 52 53 56 58 59 60 62 63 65 67 68 70 71 72 74 75 76 77 78 79 81 83 85 86 91 92 93 94 97
58 1 4 5 6 7 9 10 11 12 16 17 19 22 23 24 25 27 29 30 31 33 35 36 37 38 40 42 44 46 48 49 50 53 57 58 60 61 62 68 69 70 71 73 74 77 78 79 82 83 84 86 87 88 92 93 94 95 97
30 2 3 5 9 13 21 22 25 27 40 41 42 43 52 53 55 57 65 67 73 74 77 80 81 82 84 90 93 96 99
49 2 4 5 6 7 9 10 16 17 22 25 26 28 29 31 35 37 40 41 42 44 45 46 48 49 51 52 54 58 63 64 65 67 68 70 72 75 78 81 82 87 88 89 90 91 96 97 98 99
25 12 15 19 20 24 25 31 32 42 49 50 53 56 59 60 62 63 66 67 70 73 77 78 85 98
31 1 3 6 8 10 11 14 19 21 25 30 32 35 36 41 43 45 53 54 57 62 68 69 71 76 78 84 87 92 97 99
42 2 5 6 8 9 10 19 20 27 29 30 31 33 34 35 37 38 40 42 45 51 52 54 55 57 60 61 62 64 67 68 69 70 72 73 81 82 85 89 93 96 97
12 3 7 11 16 27 30 31 37 53 62 88 89
19 3 4 9 10 12 24 29 30 33 41 46 50 52 63 65 69 70 72 83
37 1 9 17 18 21 30 31 32 33 36 37 48 49 52 55 57 63 64 65 68 69 71 72 75 77 80 82 83 85 86 88 91 92 93 94 95 99
50 1 3 4 5 6 7 8 10 12 15 16 17 19 20 21 22 24 25 26 28 30 35 41 43 44 49 50 53 54 56 60 63 66 67 68 70 73 74 75 76 77 79 83 84 85 90 91 94 96 99
34 3 6 7 8 10 11 12 27 28 34 40 44 48 51 58 60 61 62 63 65 66 67 72 73 75 76 78 80 83 87 92 93 95 97
56 2 4 6 7 8 10 11 12 13 14 16 17 19 20 23 28 29 32 33 34 36 37 40 42 43 44 45 46 48 52 56 57 59 60 64 65 66 68 71 74 75 77 78 80 81 82 88 89 90 91 92 93 94 96 98 99
14 1 8 9 11 41 44 50 61 64 68 81 85 90 94
19 3 9 21 26 27 31 34 36 38 41 49 53 57 62 64 69 87 89 93
26 9 12 13 22 23 25 26 35 40 42 44 46 48 53 62 66 75 78 80 85 89 92 93 95 96 98
30 1 2 5 7 9 14 19 22 25 34 36 37 40 41 46 49 53 54 56 57 62 64 68 75 76 78 82 89 91 96
49 1 4 5 6 12 13 14 15 18 19 20 23 24 29 30 32 34 38 39 43 44 45 48 49 51 57 58 62 64 65 68 71 72 75 76 77 79 80 81 82 83 84 86 87 90 92 95 96 97
16 19 25 28 29 32 34 45 55 56 66 81 85 92 94 97 99
28 25
14 4 10 11 15 21 22 26 34 38 43 60 67 83 99
23 7 9 15 19 25 31 34 37 39 41 43 45 48 55 58 63 65 66 70 74 76 92 98
51 2 4 6 7 8 9 13 16 18 19 21 22 24 25 30 34 41 42 44 47 48 49 50 51 52 56 58 59 62 63 67 68 69 72 73 79 81 82 83 84 85 88 89 90 91 92 93 95 97 98 99
53 1 3 5 6 7 8 9 10 13 15 16 18 20 22 23 25 27 29 30 33 34 36 37 38 39 40 47 49 51 55 57 58 59 61 63 64 66 67 68 69 72 75 76 78 79 80 82 83 85 87 88 89 98
21 2 7 10 18 25 26 30 37 49 52 61 63 68 69 75 79 88 90 93 96 98
51 3 6 9 10 11 12 13 14 15 17 21 23 25 27 28 30 32 34 35 36 39 41 43 45 46 47 48 49 50 54 55 56 57 61 62 64 66 67 68 69 73 74 83 85 87 88 89 90 92 95 99
17 2 3 11 26 34 35 39 42 45 46 73 75 77 85 87 93 94
20 9 10 13 19 24 36 43 46 47 56 58 64 67 68 74 76 79 83 85 88
18 4 6 8 11 18 22 31 32 33 36 41 48 61 67 68 75 94 96
24 4 10 13 16 20 28 31 32 38 39 46 51 54 59 66 67 71 74 78 79 85 94 95 99
37 2 3 6 7 12 15 16 18 28 38 39 40 42 45 47 48 50 56 57 60 61 62 63 64 66 67 71 74 79 83 84 86 88 89 92 94 96
32 3 8 10 13 15 19 21 22 25 27 30 32 36 38 50 55 56 57 59 62 67 74 75 84 85 87 88 89 91 92 95 98
46 4 7 9 19 20 22 25 26 29 30 32 33 38 42 44 45 47 48 50 52 55 58 59 63 64 66 70 71 72 75 76 77 78 79 81 82 83 84 85 87 90 91 93 94 95 96
60 1 3 5 6 7 10 12 16 17 18 22 24 25 27 30 32 33 34 35 37 38 40 41 42 44 45 47 48 50 51 52 54 56 57 58 59 60 61 62 63 64 65 66 67 69 70 72 73 75 76 78 80 82 83 85 87 88 89 91 97
25 1 2 5 7 10 11 15 28 32 37 49 50 53 54 59 65 66 68 69 75 77 80 84 85 96
50 1 3 5 6 8 9 10 12 13 14 15 16 18 21 22 30 32 36 43 46 47 48 51 52 55 56 58 59 60 63 64 65 66 70 72 74 76 77 78 81 82 84 85 86 89 90 93 94 95 97
31 3 4 5 8 10 11 13 15 17 19 26 27 28 33 40 41 45 47 52 57 59 62 70 77 79 81 84 85 90 91 92
42 2 4 7 9 10 11 12 13 15 16 17 20 21 24 27 28 30 31 36 37 40 41 45 47 48 52 54 56 58 65 66 73 74 75 81 83 90 91 92 94 98 99
18 10 12 23 27 29 40 55 58 63 65 69 73 75 81 82 90 92 99
12 1 2 4 33 50 52 63 77 82 89 94 97
41 1 6 11 14 15 16 20 21 22 25 29 34 36 37 38 40 41 45 48 50 51 55 58 59 61 67 75 76 78 79 81 82 84 85 86 87 88 92 95 98 99
22 2 5 7 8 9 15 20 21 31 33 39 42 47 53 57 59 69 79 90 94 95 99
45 2 3 4 5 6 7 9 12 18 19 21 24 26 27 28 30 34 35 38 44 45 46 49 50 52 53 54 59 61 62 64 68 69 70 71 75 77 79 83 84 87 88 89 90 91
46 3 4 5 6 8 11 13 14 17 19 20 23 26 27 30 31 32 33 34 38 39 42 43 45 46 47 48 50 51 54 55 58 59 60 63 64 69 70 73 75 77 81 83 84 87 94
25 8 10 19 20 34 35 36 38 41 51 53 56 57 61 63 69 71 74 77 80 82 89 92 93 96
59 1 2 3 4 6 7 10 13 14 16 18 21 22 23 24 28 30 32 34 35 37 39 41 42 43 45 46 52 55 57 58 59 62 63 64 65 67 69 70 72 73 74 75 76 77 78 79 80 82 83 84 85 86 88 90 92 94 95 99
41 7 8 12 14 15 18 19 21 22 23 28 30 31 38 40 41 43 45 50 51 52 61 62 69 70 74 76 79 81 84 85 86 88 89 90 91 92 93 96 97 99
38 5 6 13 14 15 18 22 28 29 30 32 40 41 47 49 50 51 56 57 58 60 63 66 67 71 75 77 78 80 85 86 88 90 91 92 93 95 99
13 7
39 11 16 17 20 21 23 26 28 32 33 40 44 45 46 47 49 51 60 61 62 63 67 69 70 71 74 75 76 78 79 82 85 86 88 89 91 92 94 96
27 2 4 6 8 11 12 16 17 22 24 41 47 50 51 52 53 56 59 60 63 72 73 74 80 89 93 96
32 5 11 13 16 23 24 25 29 30 32 35 42 44 48 51 52 53 55 56 60 61 66 67 70 74 75 81 92 93 94 98 99
57 1 5 6 7 8 12 14 17 18 23 24 25 26 27 28 29 32 34 35 36 37 38 42 43 44 45 49 50 52 54 55 56 57 61 64 65 69 70 71 73 74 75 77 78 79 81 82 83 85 86 89 91 93 94 95 97 98
26 6 8 10 12 15 16 19 20 25 33 35 36 39 41 44 64 65 66 70 72 75 78 80 86 89 97
39 5 6 8 10 11 14 16 17 23 26 28 30 32 33 35 37 40 41 44 46 48 49 50 54 55 58 60 61 63 66 67 69 71 75 79 82 91 96 99
35 1 9 12 13 16 17 21 25 29 32 34 37 38 41 50 53 54 55 56 63 64 68 70 71 72 73 76 79 80 81 82 83 88 92 97
45 5 10 11 12 14 15 17 18 20 23 24 25 27 28 29 30 31 35 40 41 44 45 46 47 51 53 55 57 58 59 62 65 71 73 74 77 79 81 85 86 89 91 92 97 98
16 2 11 15 17 31 38 46 49 50 53 60 67 68 73 82 86
23 1 3 9 14 20 22 29 33 39 48 50 52 54 56 64 69 71 73 76 83 87 89 96
22 10 23 34 36 39 40 41 42 44 52 57 60 63 66 71 73 74 75 82 83 89 99
30 1 8 10 11 14 15 18 19 20 22 26 33 34 41 45 46 49 57 59 60 67 71 74 77 78 80 82 83 84 94
39 1 2 7 14 17 25 28 30 31 35 41 42 44 45 46 47 49 50 54 55 56 57 60 61 64 67 72 76 77 78 79 81 83 84 85 88 91 93 94
26 7
45 1 2 3 4 6 7 8 10 13 14 16 20 23 25 27 28 32 33 34 37 39 41 43 44 48 49 51 53 56 58 60 61 62 69 71 72 73 74 75 77 85 86 87 88 96
37 2 3 5 7 8 12 13 17 24 25 26 31 33 38 41 43 45 46 51 53 54 59 61 63 64 65 66 67 72 73 74 82 83 85 88 90 98
17 1 2 16 21 24 33 34 39 58 60 61 63 69 78 79 82 87
25 3 4 6 14 21 26 27 28 29 33 42 47 48 54 55 58 64 70 79 80 83 86 91 94 97
43 3 8 9 10 12 13 15 16 26 27 28 29 33 40 43 45 46 50 52 58 59 60 61 62 66 68 75 76 78 79 80 81 82 83 84 85 88 90 93 95 97 98 99
37 2 5 7 12 14 16 17 19 20 30 38 39 41 43 45 50 51 54 56 59 60 61 62 63 66 67 71 75 77 78 80 81 83 87 92 94 97
20 2 9 16 18 22 25 30 31 32 42 44 46 47 55 58 59 63 83 85 96
12 9 10 11 26 43 45 52 59 75 84 90 91
53 2 9 10 13 15 17 21 24 26 28 29 30 31 32 33 35 36 37 39 44 45 47 48 52 53 54 55 57 61 62 65 69 70 71 72 73 74 77 79 80 83 86 87 88 89 90 92 93 94 95 96 97 98
35 2 6 9 14 21 22 27 28 29 33 34 36 39 45 47 48 49 50 51 54 60 63 66 69 71 78 80 81 84 85 88 93 94 97 99
56 1 2 3 5 9 10 12 15 16 18 19 20 22 24 25 27 28 31 32 33 34 35 38 39 41 42 43 46 48 50 52 53 59 60 61 63 64 67 69 74 76 79 80 81 85 86 87 89 91 92 93 94 95 96 97 99
60 1 2 3 4 5 6 7 8 10 11 12 13 17 18 20 24 26 27 28 31 33 35 36 38 39 42 43 44 45 46 47 48 49 50 51 53 54 55 58 59 60 62 63 70 72 73 74 75 79 81 82 83 84 87 88 89 92 93 94 95
47 2 3 9 13 14 15 17 20 23 24 26 27 28 31 32 33 36 37 38 39 43 45 48 49 50 51 55 57 59 60 64 65 67 74 75 76 77 80 81 82 84 85 87 88 89 93 99
30 3 7 9 12 14 17 21 25 31 35 38 39 45 48 53 57 59 60 62 64 71 75 78 83 84 88 90 92 96 98
29 7 10 17 19 22 26 32 33 42 44 45 51 56 59 60 61 62 64 73 76 83 84 85 90 91 96 97 98 99
36 2 7 11 13 14 15 16 19 23 25 29 32 33 34 41 45 46 50 51 52 55 56 58 59 60 61 67 73 74 77 80 84 89 92 95 97
59 1 3 5 6 7 8 9 10 11 14 19 21 22 23 24 25 27 29 31 32 35 38 42 45 47 48 49 52 53 56 57 58 59 60 63 64 66 68 69 70 71 72 75 76 77 78 79 80 81 82 83 85 87 89 90 92 94 95 98
39 1 3 10 11 13 14 19 20 21 24 30 31 33 35 37 40 42 44 45 46 47 49 54 58 59 61 62 64 66 68 69 72 83 88 89 90 91 93 95
16 2 4 8 15 28 39 40 43 46 51 54 69 73 79 81 96
39 3 5 6 11 12 13 16 18 20 24 25 28 29 30 32 38 41 42 43 47 51 54 55 61 67 68 70 72 73 75 76 79 81 85 88 89 90 91 95
21 1 6 9 27 28 29 30 39 41 47 53 59 60 63 65 68 71 79 84 90 96
15 4 6 7 22 24 25 27 30 41 49 51 57 80 84 87
35 1 3 6 9 12 13 14 18 29 38 41 42 44 46 52 53 54 56 57 58 59 60 63 67 68 70 72 75 78 84 89 92 94 95 96
52 1 3 4 5 10 12 14 16 17 18 19 20 22 23 24 25 33 35 41 42 44 45 46 50 54 56 57 59 61 63 64 65 66 68 71 74 75 76 77 80 81 83 84 85 89 90 91 92 94 96 97 98
44 2 5 6 8 14 17 18 22 23 24 25 26 30 31 32 33 35 38 39 42 44 49 55 57 58 61 64 67 70 71 72 74 75 77 79 80 81 85 87 92 93 96 98 99
45 1 7 9 13 15 16 17 19 21 24 26 28 36 38 41 43 44 46 47 51 53 54 55 57 58 59 62 67 68 69 72 75 78 79 81 82 83 84 86 87 88 93 95 96 98
46 38
47 2 11 12 16 17 19 20 21 23 24 26 28 31 35 36 40 41 42 47 48 49 53 56 57 58 59 60 62 67 69 70 72 73 74 77 79 81 82 84 87 89 90 92 93 94 95 99
39 4 6 7 10 11 16 20 25 26 27 28 31 34 36 37 41 44 47 49 53 58 60 61 63 69 73 75 76 77 80 84 85 86 87 88 95 96 97 99
37 1 4 5 6 7 8 17 18 20 21 24 26 29 38 46 47 51 53 54 57 61 63 65 66 68 74 76 77 81 83 85 88 90 91 92 93 97
42 1 3 4 8 18 24 25 26 35 36 37 40 41 42 44 46 47 48 54 55 57 60 61 64 65 67 68 72 73 74 77 80 81 83 84 87 88 95 96 97 98 99
13 6 28 52 54 67 77 79 80 84 91 92 94 99
16 2 8 12 15 25 31 40 42 47 67 73 76 77 78 80 95
20 8 10 24 26 33 42 48 60 62 64 69 71 73 74 75 81 83 88 93 94
26 2 7 16 18 23 26 28 33 34 35 42 43 49 57 59 64 65 67 69 70 74 76 78 83 98 99
35 4 6 7 10 13 17 19 23 31 35 36 37 38 40 47 49 50 56 57 59 61 63 64 72 77 79 81 84 87 88 89 91 92 94 95
52 3 5 6 8 11 12 14 15 16 17 18 29 34 35 37 38 40 41 42 43 44 46 47 49 50 51 52 53 54 55 63 64 66 67 68 69 73 74 76 78 80 83 84 85 89 93 94 95 96 97 98 99
19 9 11 18 19 20 27 32 40 46 58 63 64 65 68 72 83 89 91 97
14 2 3 4 6 14 15 54 55 62 63 65 77 79 94
13 2 13 18 37 48 61 74 75 76 77 84 86 96
17 5 6 11 14 20 26 34 36 40 45 49 70 83 89 90 91 99
27 3 6 9 11 12 13 16 17 20 25 26 27 30 33 35 52 61 64 65 69 72 76 77 79 80 93 99
49 1 3 4 6 7 11 12 16 18 22 23 24 26 29 30 31 32 33 34 35 36 39 40 43 45 50 52 53 54 56 61 63 64 65 70 71 73 76 77 78 81 82 83 85 87 88 89 93 96
53 1 4 7 8 10 11 13 14 15 20 22 24 26 30 31 32 33 35 36 38 39 42 44 45 49 51 55 56 60 61 62 68 71 75 77 79 80 81 83 84 85 86 87 88 89 90 91 92 94 95 96 97 98
51 4 5 7 8 9 10 11 14 15 16 18 19 20 21 30 32 33 35 36 38 40 42 44 45 46 47 48 49 50 54 55 56 57 59 62 64 65 71 75 78 79 81 82 83 86 88 89 94 96 97 99
38 5 6 7 9 15 16 20 21 22 26 27 29 30 31 32 33 37 41 49 54 55 57 60 61 63 64 66 68 73 74 76 77 79 81 88 90 93 98
38 10 14 15 18 24 26 28 30 33 34 37 41 43 44 48 49 51 55 58 60 62 63 66 67 68 69 71 73 76 78 81 83 84 86 87 88 91 95
46 2 4 8 11 14 15 17 18 19 20 23 24 27 29 30 32 40 41 43 44 45 47 50 51 53 59 61 63 65 67 68 69 73 74 75 78 85 86 87 89 90 91 94 95 96 98
57 2 3 6 8 9 12 13 14 15 16 20 22 23 24 27 30 34 36 37 38 39 40 41 44 46 48 49 54 55 59 61 62 63 64 67 69 71 72 73 74 75 76 79 80 81 82 83 87 88 89 90 91 94 95 96 97 98
52 1 5 9 13 15 19 20 21 22 23 26 27 28 30 31 34 35 38 39 40 41 43 45 46 47 53 55 56 58 60 61 65 68 69 71 72 74 75 77 79 80 81 84 88 89 90 91 93 94 95 96 97
22 3 5 6 7 15 16 21 29 34 35 46 47 53 54 63 73 74 78 81 89 91 94
53 4 5 7 9 10 11 12 13 14 18 20 22 23 29 30 31 32 36 37 41 43 44 45 48 49 50 52 53 56 57 58 61 63 64 68 69 70 72 76 77 78 79 82 83 84 88 91 92 93 94 96 98 99
50 1 3 5 6 13 15 16 19 20 23 24 26 27 28 29 30 32 34 35 36 37 38 41 43 44 47 48 49 50 52 54 56 58 59 60 63 66 68 69 72 73 75 77 80 82 83 86 92 94 99
15 28 29 37 38 39 44 59 64 79 80 82 84 87 91 96
26 7 9 11 20 26 29 30 31 32 37 48 49 52 56 57 63 64 69 79 80 81 88 90 91 92 93
19 9 22 25 27 30 36 38 42 50 51 65 66 70 73 79 85 88 98 99
22 3 4 8 12 13 22 29 34 37 38 40 43 44 45 52 60 73 82 86 87 88 99
31 4 9 11 13 16 18 26 27 31 33 36 37 43 46 49 54 55 56 57 58 59 60 65 67 68 78 81 90 91 94 95
12 7 10 18 29 32 45 51 59 67 78 85 98
54 2 3 5 10 12 13 16 17 18 21 23 25 26 28 29 30 31 33 35 36 37 38 40 42 43 46 47 50 52 53 54 56 58 62 64 67 70 71 73 76 78 79 80 81 82 88 90 91 93 94 96 97 98 99
12 13 16 19 21 50 62 67 69 76 93 95 97
49 2 4 5 7 8 9 10 12 13 14 20 21 22 25 26 28 29 30 31 32 33 34 35 43 44 46 48 56 59 60 62 66 68 69 72 73 74 76 78 83 84 85 86 87 88 90 94 95 98
45 2 3 6 14 16 17 19 21 22 26 27 28 29 30 34 38 39 40 43 46 48 51 53 57 58 60 62 63 64 68 69 71 72 74 75 77 78 79 88 89 91 94 95 96 99
12 1 3 6 10 20 22 30 53 64 65 69 82
59 1 6 11 12 14 15 17 19 21 23 24 25 26 27 29 30 32 33 35 36 37 38 40 44 45 48 49 52 55 56 57 60 62 64 67 70 71 72 74 76 78 81 82 83 84 85 86 87 88 89 90 91 92 93 94 95 96 98 99
37 2 7 14 17 23 24 26 27 28 29 31 36 39 43 44 45 46 48 50 55 57 59 60 64 65 67 69 70 71 72 74 75 76 83 88 90 95
24 5 6 12 14 24 33 34 35 37 38 40 47 52 59 60 61 68 74 77 79 83 87 88 89
36 4 6 10 13 15 19 20 21 24 26 28 33 34 35 36 37 40 45 47 50 51 55 56 60 62 66 70 72 73 82 84 90 92 94 96 97
23 8 15 16 23 27 38 43 44 47 50 51 53 67 68 70 74 78 80 83 85 92 95 99
45 3 5 7 8 12 14 15 17 18 19 21 24 26 27 34 35 36 37 39 40 42 51 53 54 55 56 60 61 62 63 66 68 69 70 72 74 78 81 84 91 92 93 95 96 99
18 10 13 14 29 37 38 42 43 54 61 70 76 77 82 91 93 94 97
31 1 5 7 10 13 14 15 17 23 24 25 35 36 39 40 46 49 53 55 61 62 63 64 66 84 88 90 92 93 94 98
47 6 7 8 11 16 17 18 21 22 23 26 27 28 38 42 43 44 45 46 47 48 49 50 51 56 57 58 63 64 65 67 68 70 71 72 75 78 79 82 85 89 91 92 94 97 98 99
12 12
14 15 21 23 32 34 43 47 55 77 78 82 91 92 98
53 1 2 6 9 10 12 13 17 18 19 23 24 25 28 32 33 34 36 38 39 45 46 47 51 52 53 54 55 56 57 59 60 61 62 63 64 68 70 74 75 77 78 79 80 81 87 88 89 91 92 93 95 99
13 1 2 4 11 13 30 60 62 68 69 71 81 85
43 1 4 9 10 11 16 17 18 20 21 23 24 27 28 30 32 35 36 37 39 42 45 48 50 52 54 62 63 66 73 74 78 79 82 84 88 89 91 92 93 94 97 99
57 3 6 11 12 15 17 19 22 23 24 27 29 30 32 33 34 37 38 39 41 42 43 44 45 48 49 52 53 58 62 65 67 68 69 70 71 72 73 74 75 77 78 79 80 81 82 83 84 85 87 88 89 90 91 93 95 98
40 6 7 8 9 10 11 12 13 15 19 24 27 33 34 35 37 38 48 49 51 52 56 57 59 61 64 67 70 71 74 76 78 81 83 85 93 95 96 97 98
42 4 5 6 8 15 18 20 22 23 26 27 31 33 35 37 38 39 40 44 48 49 59 60 61 62 65 66 69 70 73 74 76 79 81 83 87 88 90 92 94 95 98
28 4 10 17 18 21 22 24 26 33 40 41 42 56 62 63 68 73 76 79 80 81 82 83 88 92 94 96 99
53 1 2 4 5 6 8 11 12 14 17 20 22 23 24 25 26 28 30 33 34 39 42 44 45 46 47 48 49 50 51 52 53 54 55 58 64 65 68 72 74 75 76 78 82 83 84 85 86 88 89 90 91 94
59 1 2 3 4 5 7 8 10 11 12 13 14 16 18 19 22 23 24 25 27 31 32 34 37 38 40 41 42 52 54 55 56 58 60 61 64 65 66 67 68 70 71 72 73 74 77 78 79 80 84 86 88 89 90 91 93 94 97 98
37 1 7 11 15 17 27 30 31 36 40 41 42 43 45 47 48 49 51 54 56 58 64 67 68 69 70 71 73 74 76 77 78 80 82 87 94 96
51 3 4 5 6 10 15 16 17 19 23 25 33 34 35 38 40 42 43 44 48 49 52 54 56 57 58 59 60 61 62 68 69 71 72 73 74 75 76 77 78 79 80 81 84 85 89 90 92 93 97 99
34 10
57 3 6 9 11 12 15 17 21 22 23 24 26 27 28 30 31 32 33 38 39 41 42 46 47 49 50 52 53 55 56 57 58 62 63 65 66 69 70 71 72 73 75 76 77 80 81 82 83 84 87 88 89 90 94 96 97 98
15 12 18 19 22 44 50 51 54 65 74 76 78 93 97 98
22 9 10 11 23 24 31 34 36 48 53 61 62 64 65 66 74 75 76 77 79 86 94
15 3 12 13 15 30 32 37 47 52 55 68 82 86 91 96
28 5 12 18 25 28 29 30 32 33 34 39 41 42 43 44 52 54 55 57 61 64 74 76 79 80 93 98 99
12 9 18 19 22 37 45 60 69 74 75 82 93
53 2 3 6 7 9 10 14 15 17 18 19 21 23 25 26 29 30 31 32 34 35 41 43 45 47 49 50 51 53 55 59 60 62 63 66 67 69 71 74 75 76 77 81 83 84 86 87 89 91 93 95 97 99
28 3 7 13 19 24 30 33 46 47 49 53 57 62 65 68 70 72 73 75 78 79 82 83 85 86 92 93 97
48 5 6 9 10 11 16 19 20 21 22 24 25 26 30 34 35 37 38 39 40 43 45 46 47 48 50 52 54 59 61 64 68 69 72 75 76 77 81 84 85 86 87 90 92 93 96 98 99
25 4 5 7 10 21 22 25 39 45 57 58 64 65 67 68 73 77 81 83 87 88 91 94 96 98
41 1 4 6 8 10 11 16 23 25 28 29 36 38 42 44 45 47 48 54 62 63 66 67 68 71 74 75 76 81 83 85 86 87 88 90 93 95 96 97 98 99
42 1 2 4 5 6 10 12 14 15 16 18 21 25 28 33 34 35 36 42 44 49 50 51 52 54 59 60 63 67 69 73 74 79 81 82 88 89 94 95 97 98 99
42 3 4 6 9 10 12 15 22 28 29 30 31 32 36 37 39 46 48 51 58 61 63 64 65 67 68 69 72 75 76 77 79 80 81 82 87 89 90 92 93 96 98
55 1 3 4 5 6 7 8 11 12 13 17 18 19 21 22 23 26 27 28 31 32 34 36 40 42 43 45 46 47 49 51 52 54 56 66 68 69 70 71 72 73 74 76 77 80 83 87 89 91 92 93 94 95 96 98
50 1 2 5 6 7 8 12 14 15 16 17 18 19 20 23 25 29 31 32 33 34 37 42 46 48 49 50 54 57 60 64 65 66 68 70 72 74 78 79 81 84 86 87 88 89 90 92 94 96 99
19 10 11 18 29 31 43 45 50 51 57 63 66 68 71 74 76 78 95 97
27 1 2 16 21 22 29 36 39 42 43 44 45 47 61 64 65 66 68 71 73 76 85 88 89 91 92 94
33 5 6 7 10 12 13 19 20 21 23 30 31 36 41 43 47 48 52 55 57 58 62 63 69 74 80 83 86 87 88 92 97 98
53 1 3 5 7 11 15 16 17 19 20 22 24 25 26 28 30 33 34 35 37 40 42 43 44 45 46 48 50 51 53 54 55 56 58 60 61 62 63 64 65 66 67 69 71 73 77 78 81 86 87 91 95 97
15 1 14 21 27 29 31 40 47 65 69 81 83 89 92 97
14 9 12 16 33 35 36 39 45 53 56 57 63 76 81
49 3 8 10 11 12 13 14 15 16 17 18 19 25 28 29 30 32 34 35 36 38 39 41 42 45 46 49 52 53 54 60 62 63 64 65 68 75 77 80 81 83 85 90 91 92 94 96 97 98
43 3 7 8 10 11 13 18 20 21 24 25 30 31 34 37 38 39 40 42 43 54 55 56 57 59 60 64 65 69 70 71 73 74 77 78 79 82 86 87 88 89 90 97
56 2 3 6 8 9 11 13 15 16 17 18 19 20 22 23 24 25 27 29 31 32 33 34 35 36 37 39 40 41 44 46 49 52 56 57 58 61 62 66 67 69 70 72 74 79 83 84 85 90 91 92 93 96 97 98 99
60 1 2 3 4 5 10 11 12 13 14 15 16 18 19 22 24 25 26 27 28 32 34 35 37 38 40 43 44 45 46 47 51 52 53 54 56 58 59 61 63 64 66 68 69 70 73 74 75 76 77 79 80 81 82 86 87 88 93 96 99
59 2 3 4 6 10 12 17 20 21 27 28 29 30 32 33 34 35 36 37 38 39 42 44 45 47 50 51 53 55 56 59 60 61 62 63 64 68 69 70 71 74 75 77 79 80 81 82 84 86 87 89 90 91 92 93 94 96 97 99
57 1 4 6 7 9 10 11 12 13 15 17 18 21 22 26 28 30 32 33 34 35 36 38 39 40 41 47 49 50 52 53 57 58 61 62 65 66 67 69 70 72 74 76 78 79 80 82 84 85 86 88 89 91 92 93 96 97
40 2 3 4 5 6 8 10 15 16 17 19 23 25 26 29 32 33 34 36 38 39 44 46 50 51 53 55 65 67 71 74 75 77 78 82 85 90 91 97 98
39 2 3 4 5 6 7 8 16 18 19 24 26 29 33 38 42 43 47 55 57 58 60 61 64 67 69 72 73 74 75 78 81 85 86 88 91 93 94 98
47 1 3 4 6 9 10 12 14 16 17 18 19 20 22 25 26 27 29 31 34 35 36 40 46 47 48 53 54 56 57 59 60 62 69 70 71 75 77 79 81 85 86 90 91 92 94 98
59 1 4 6 7 9 10 11 12 14 15 16 18 19 20 21 25 26 29 33 34 35 37 38 39 42 43 46 49 50 52 53 54 55 56 57 58 60 63 64 65 68 69 70 71 73 74 75 77 79 80 81 82 86 88 89 90 91 96 97
16 1 8 9 11 21 39 44 45 47 58 60 62 70 79 88 92
50 1 2 4 6 9 10 14 17 18 19 20 28 29 31 32 34 35 36 38 40 42 44 45 46 48 50 56 59 62 64 67 68 69 72 76 78 79 80 81 82 83 84 87 88 90 91 92 96 97 99
19 1 4 17 20 21 22 23 26 28 34 37 43 45 53 72 88 89 92 97
23 5
22 1 3 25 27 36 38 44 49 51 56 57 58 65 66 68 70 73 75 81 83 92 99
19 1 3 7 16 18 19 26 27 30 36 43 44 45 54 64 70 76 79 80
46 2 4 6 9 12 15 17 20 21 26 27 29 33 35 36 37 38 39 40 41 42 43 44 46 47 48 49 56 58 64 65 69 70 75 77 79 80 82 83 84 85 86 93 94 98 99
30 4 5 11 13 15 19 23 24 27 29 34 44 47 51 58 65 66 68 69 70 73 77 78 83 86 90 91 92 96 99
50 2 4 5 6 10 12 13 14 15 16 18 20 26 29 30 31 32 33 35 37 42 45 46 48 49 50 54 58 60 62 64 65 67 68 70 71 72 75 76 77 79 80 81 85 86 87 90 94 98 99
48 2 7 9 10 13 15 17 18 19 20 24 26 30 32 34 39 41 45 46 48 51 54 55 56 57 58 59 61 63 65 66 67 69 70 71 72 76 78 79 80 81 84 88 89 90 91 93 99
48 2 3 4 5 7 9 11 12 13 16 21 24 25 29 32 35 36 38 41 43 45 46 47 48 49 50 54 57 59 60 62 63 65 73 74 75 77 78 80 81 82 83 87 88 91 93 95 96
16 6 10 16 22 33 39 40 46 49 51 53 59 71 74 75 99
29 1 7 8 20 23 24 29 33 37 38 42 46 50 54 57 58 59 60 63 73 80 81 82 85 87 92 94 95 96
60 2 4 5 6 8 9 11 14 17 18 19 24 26 27 30 34 35 36 37 39 40 41 43 44 45 46 47 48 50 51 52 53 57 58 60 62 63 64 65 66 67 69 72 73 75 77 78 80 81 82 86 87 88 89 90 93 95 96 97 99
32 4 11 12 17 19 20 21 24 26 30 33 36 38 41 52 54 56 58 63 65 70 72 73 74 76 83 89 90 91 92 93 96
14 10 15 19 26 28 37 53 59 72 79 90 91 95 99
47 3 5 7 8 10 11 14 16 18 26 29 31 32 35 36 37 39 40 42 46 47 50 52 54 55 56 61 62 63 65 67 69 70 72 75 76 77 79 80 83 85 86 88 89 93 94 97
31 11 13 16 19 26 29 30 32 38 41 42 49 50 53 58 59 60 63 64 69 70 72 74 77 79 81 82 89 90 91 94
29 1 9 14 16 23 26 27 28 30 32 35 37 43 44 55 62 64 65 69 70 75 79 80 87 88 91 92 93 95
36 2 4 8 9 16 18 22 23 24 26 27 30 37 38 41 43 44 47 48 50 55 56 58 60 63 66 68 71 73 76 81 86 87 88 97 98
40 1 2 8 10 13 14 20 21 23 24 28 29 30 32 36 41 46 55 57 60 63 64 65 70 71 74 76 77 78 80 82 84 85 86 87 91 93 97 98 99
44 1 3 4 5 7 8 9 15 16 18 20 21 27 29 30 33 34 38 39 40 41 45 46 50 52 54 56 58 61 65 69 74 80 84 85 86 87 88 89 90 92 97 98 99
51 3 9 15 17 19 21 22 24 26 27 28 30 33 36 39 40 41 44 45 47 51 53 54 55 56 57 58 59 61 62 63 64 67 68 70 71 72 74 75 76 77 78 79 84 87 88 89 91 92 96 99
31 9 10 11 14 16 20 23 28 30 31 34 40 49 51 52 54 55 56 57 61 62 63 71 73 77 83 84 86 92 93 94
57 1 2 5 7 9 10 14 16 17 18 20 21 22 23 24 26 28 31 32 33 35 36 37 38 40 42 43 45 49 52 53 55 57 59 60 61 63 64 67 69 71 72 74 75 79 80 81 82 83 84 88 89 93 94 95 98 99
41 3 4 9 10 12 13 14 15 17 19 22 24 25 27 28 34 35 36 37 38 39 42 43 48 49 52 53 56 58 60 65 70 72 74 82 83 84 86 87 91 97
56 1 4 7 8 10 11 12 14 17 21 22 24 25 27 29 31 33 34 35 37 39 41 43 47 48 49 51 52 54 55 56 57 58 59 60 62 64 65 69 70 72 74 76 77 78 79 81 82 83 84 85 89 91 93 94 97
28 17
40 3 5 7 8 9 12 13 15 16 19 20 23 26 27 30 31 32 34 36 44 45 46 50 52 55 56 58 59 61 65 67 72 76 82 83 84 88 91 97 98
13 14 16 24 30 41 44 48 59 61 71 72 92 98
37 3 4 6 7 8 9 10 13 14 15 16 19 20 23 29 30 32 33 38 41 44 46 49 50 52 55 59 64 66 71 75 77 89 91 92 97 98
34 2 4 5 18 19 22 23 26 27 33 36 40 44 45 49 52 53 57 58 62 63 66 67 69 70 72 74 78 79 83 85 89 95 99
28 4 8 13 15 17 19 20 21 27 41 45 53 63 64 67 68 69 70 74 78 79 82 86 88 89 91 97 98
30 1 3 5 6 11 15 20 22 23 26 28 43 44 47 52 54 57 60 64 66 67 68 72 73 74 76 78 88 94 97
45 1 3 5 9 11 13 17 19 21 22 23 29 30 37 41 42 47 48 50 51 52 53 55 57 60 61 65 66 69 72 73 74 76 77 78 80 82 84 86 87 89 90 92 98 99
39 2 4 11 12 13 15 16 20 22 25 26 29 32 36 38 39 40 42 46 48 50 51 52 58 59 61 64 66 69 72 74 75 77 82 83 87 93 96 98
46 1 3 7 12 13 14 15 17 19 20 22 23 25 28 38 41 44 46 48 49 51 53 54 55 56 58 61 64 65 67 68 69 72 74 77 78 79 80 81 86 87 89 90 92 93 95
37 1 4 6 7 9 11 16 20 21 23 25 26 28 29 31 38 40 41 44 45 48 54 56 57 58 62 64 68 70 76 84 85 86 87 93 95 98
37 1 3 5 6 7 8 9 10 12 13 15 16 17 22 23 32 37 44 46 51 54 59 62 65 68 74 79 80 81 82 83 85 87 89 92 94 99
37 2 3 5 6 10 15 16 17 18 21 24 27 28 30 35 36 41 44 45 46 47 49 50 59 62 63 68 70 74 75 76 83 86 95 96 97 98
45 1 6 8 9 10 11 14 15 16 17 19 23 24 25 27 28 33 34 37 45 46 47 48 49 52 53 60 61 62 63 64 66 67 68 76 77 78 83 87 88 89 90 91 95 99
57 1 5 6 8 10 12 13 15 19 21 22 23 26 27 30 31 33 37 39 40 41 42 43 44 45 47 48 49 51 52 54 57 58 61 66 68 72 74 75 77 78 79 81 82 83 84 85 87 88 89 90 91 93 94 95 96 98
16 1 11 16 22 24 27 28 29 34 42 47 48 50 68 75 88
43 1 4 6 9 12 17 18 19 20 22 23 29 31 34 36 39 40 42 44 45 47 49 56 59 63 64 65 69 73 74 75 80 81 82 84 85 88 89 93 94 95 96 98
58 4 6 7 8 9 10 11 16 18 21 22 23 24 25 26 27 28 30 31 32 33 34 37 40 41 42 43 48 49 50 54 55 56 57 58 60 62 63 65 66 67 68 72 74 76 77 79 81 82 84 86 88 90 92 93 94 96 99
58 1 2 4 8 9 10 13 15 18 20 22 25 26 27 28 31 32 33 34 36 37 38 40 42 43 44 45 46 48 50 52 53 54 55 56 57 60 61 63 64 66 69 70 73 74 76 77 79 80 81 84 85 87 90 91 95 96 98
39 1 2 6 7 8 10 12 15 16 17 18 22 23 24 28 29 33 38 39 41 45 47 48 52 54 56 59 61 67 68 69 70 71 72 73 75 91 92 95
22 5 6 10 16 20 22 24 25 30 32 39 55 62 63 64 68 80 82 87 90 95 97
29 2 3 6 7 18 22 24 31 32 43 46 50 51 54 56 58 59 63 67 68 71 74 76 80 86 90 95 96 98
29 5 7 17 19 20 23 24 28 40 42 45 46 52 53 54 56 57 61 65 66 72 75 83 86 87 88 89 94 96
25 1 9 13 18 20 21 24 40 41 44 48 50 55 61 65 66 67 74 75 78 81 85 94 97 99
27 4 5 10 16 20 26 29 32 34 36 41 45 46 48 54 57 61 62 68 74 81 83 86 87 89 92 95
33 2 6 13 15 18 28 33 36 37 38 46 49 50 53 55 58 60 65 72 74 78 79 81 84 85 86 90 91 92 93 95 96 98
56 4 6 7 8 10 11 12 13 15 17 19 20 21 22 23 24 26 29 30 32 34 39 40 41 45 46 48 49 52 54 55 56 58 61 62 63 65 66 67 68 70 71 73 75 83 84 86 87 88 89 90 91 92 94 95 98
49 1 3 4 5 6 8 9 10 13 16 18 19 23 24 26 28 30 31 36 41 42 45 46 47 48 49 50 51 53 54 56 58 59 64 71 73 74 77 78 79 82 84 85 88 90 94 95 97 98
22 5 13 19 27 31 34 42 45 48 49 52 53 57 60 65 66 68 76 78 83 88 89
46 2
13 4 6 7 8 25 27 33 44 48 61 64 68 78
37 1 2 4 5 7 15 19 20 21 27 30 34 37 39 40 43 46 47 48 49 51 52 53 55 59 63 64 65 71 82 85 92 93 94 95 98 99
40 1 4 6 8 9 16 18 20 26 28 29 30 31 32 33 37 42 44 45 47 54 55 57 59 61 63 66 67 72 75 77 78 79 81 82 84 85 86 88 93
13 5 8 21 24 33 39 43 49 53 64 65 74 91
20 6 7 11 18 22 23 25 28 34 36 41 42 46 59 63 67 69 81 86 95
21 1 3 6 7 8 10 17 24 25 41 46 50 51 52 57 59 75 84 88 92 94
13 16 27 32 40 41 44 45 55 60 65 77 85 90
12 10 14 25 39 42 62 63 64 69 71 78 85
32 3 6 13 14 16 19 20 22 24 25 27 30 32 35 51 54 56 60 61 64 66 75 76 82 84 87 89 91 94 96 97 98
38 7 13 14 18 20 21 25 26 28 29 31 33 35 37 44 49 50 51 54 55 56 57 60 61 62 63 71 72 73 77 78 80 82 83 88 91 93 95
32 1 5 10 12 15 19 20 23 24 30 32 37 51 52 53 55 56 61 63 72 73 76 77 79 81 84 90 92 93 94 95 99
46 6 8 9 11 13 14 15 18 20 21 22 25 26 28 30 31 34 37 39 41 44 47 51 53 54 56 57 59 63 66 72 75 76 78 79 82 83 84 86 87 90 91 92 94 95 98
32 1 5 11 13 18 22 25 26 27 30 34 43 44 47 49 50 51 61 63 66 68 70 71 73 75 79 80 83 85 90 93 96
38 1 2 3 7 12 21 23 26 27 28 29 30 32 33 36 37 38 39 40 45 46 49 51 52 60 61 65 66 68 71 76 83 85 87 88 90 91 93
47 2 5 6 11 12 13 15 16 17 18 23 24 25 26 33 35 36 40 41 42 43 45 48 51 54 55 56 58 59 62 65 66 68 69 70 71 72 73 79 80 82 83 84 92 93 94 97
45 4 8 12 13 14 19 25 26 28 29 31 33 35 36 37 38 39 42 45 46 51 53 56 57 60 65 67 68 69 71 72 73 76 78 79 80 82 84 86 87 88 90 91 94 95
18 4 18 24 28 30 36 37 39 52 55 60 62 65 81 82 91 96 97
14 9 22 26 27 30 31 36 39 42 48 50 63 69 99
60 5 7 8 11 12 13 14 16 17 18 20 21 23 24 25 27 28 29 30 31 35 36 37 38 40 43 44 45 46 47 49 50 52 53 57 60 61 63 64 66 70 71 72 74 75 77 80 81 84 87 88 90 91 92 93 95 96 97 98 99
56 2 4 5 6 7 8 9 10 11 15 16 17 18 19 20 23 28 30 31 33 34 35 36 37 41 47 50 51 52 54 55 57 58 59 60 61 62 64 67 69 71 73 77 78 79 80 81 85 87 88 92 93 94 96 98 99
50 1 2 5 6 7 8 9 10 11 13 15 16 17 18 19 23 25 26 29 33 34 36 37 39 40 47 48 52 54 57 59 60 65 66 67 68 73 77 78 81 82 87 89 90 92 93 94 95 97 99
25 3 7 8 10 11 17 18 19 20 22 25 31 35 42 43 48 53 60 61 65 66 77 78 88 94
51 2 4 8 10 17 18 19 23 27 28 32 34 36 38 39 40 41 42 43 45 46 50 51 53 54 55 57 58 59 61 63 65 67 68 69 70 71 74 77 78 80 81 82 84 86 88 89 90 95 96 98
51 1 4 6 7 8 9 11 14 19 21 23 26 27 29 30 31 33 34 35 36 39 40 42 43 44 45 52 56 57 58 59 62 64 68 70 71 72 74 75 76 78 79 80 82 86 90 91 93 94 95 96
45 3 4 7 10 12 14 15 16 17 18 19 20 22 23 24 25 28 30 32 34 35 38 48 49 54 58 62 63 66 68 71 74 77 78 79 83 84 88 91 92 93 94 95 96 97
52 1 2 5 6 7 13 18 20 21 22 24 26 27 29 30 33 34 36 40 41 43 45 46 47 48 53 54 57 59 61 64 65 66 67 68 69 75 76 77 79 80 83 85 86 89 92 93 95 96 97 98 99
32 8 9 13 15 21 22 23 25 26 29 32 33 37 38 39 40 42 43 44 58 64 65 69 71 73 77 87 89 94 96 97 99
15 10 18 19 32 39 46 55 57 58 60 68 69 77 80 90
39 5 7 9 11 15 16 18 22 23 26 28 31 36 41 44 47 48 49 51 54 55 57 61 62 65 67 72 73 76 80 82 84 86 90 91 96 97 98 99
18 3 12 13 15 26 30 37 52 54 58 60 61 71 72 85 92 96 99
57 3 5 8 9 11 13 14 15 16 17 19 22 24 27 30 31 32 33 34 35 37 39 40 41 42 44 45 46 47 53 54 55 57 58 59 60 61 62 65 66 67 69 70 71 72 76 77 78 79 81 85 89 90 91 93 94 97
21 1 7 13 16 26 29 31 34 35 36 43 45 46 47 63 69 71 73 82 89 93
52 1 7 9 10 13 15 16 18 19 20 22 23 24 26 29 32 33 35 36 37 41 45 46 48 49 51 53 55 56 60 61 62 63 65 67 68 70 72 73 77 78 80 81 82 84 87 88 90 91 93 94 95
40 2 6 11 12 13 21 24 25 26 28 33 34 36 37 43 44 49 52 55 56 59 62 64 66 68 70 74 76 77 79 83 85 88 89 90 91 93 96 97 98
40 1 2 6 8 9 15 19 23 24 25 27 31 32 34 35 38 39 41 42 43 44 45 49 58 61 64 66 70 71 78 81 83 88 89 90 91 93 94 97 98
49 1 3 4 5 6 8 9 15 18 19 21 22 23 26 27 28 29 32 35 36 42 46 48 49 51 52 57 58 62 63 65 67 68 70 74 75 77 79 83 84 85 86 87 88 89 93 95 96 98
54 3 7 9 11 12 14 15 16 17 19 21 23 24 26 28 33 35 38 39 40 41 42 44 45 46 48 50 51 53 54 55 56 57 61 63 64 65 66 71 74 75 77 79 80 82 84 87 88 89 95 96 97 98 99
16 3 4 5 7 17 18 25 30 53 57 62 66 70 73 78 90
38 1 3 4 10 11 14 16 19 22 24 27 28 31 34 38 41 43 44 46 49 53 54 55 56 58 59 60 62 66 71 78 80 83 88 92 93 95 99
38 1 9 12 16 19 20 24 30 33 34 35 38 42 43 47 51 52 54 55 62 63 64 68 69 70 75 77 80 84 86 87 88 89 90 93 95 96 97
12 1 6 22 37 46 61 70 72 83 94 95 97
21 1 3 4 8 9 18 24 25 31 38 39 43 48 56 70 75 76 78 88 89 97
16 5 6 7 24 30 40 46 48 50 52 56 66 70 86 91 99
37 2 3 10 11 12 18 21 22 24 29 32 35 39 40 41 48 49 51 57 61 62 63 66 67 70 72 74 75 78 84 86 87 88 89 91 92 99
35 2 9 11 17 18 19 21 23 27 33 35 40 41 42 48 49 51 53 54 55 57 58 60 68 71 72 77 78 79 80 87 88 91 94 97
50 1 3 6 7 8 11 12 13 15 17 21 22 23 24 25 26 27 28 29 33 34 35 36 37 40 43 44 47 48 49 50 51 55 58 61 62 67 73 79 80 81 84 85 87 89 91 95 96 97 98
46 14
22 2 15 26 27 31 34 35 36 41 42 44 46 50 51 58 70 77 84 87 89 90 98
27 7 9 13 18 22 26 29 31 32 35 41 47 52 55 57 62 65 66 68 73 77 81 84 85 86 88 98
20 11 18 24 31 33 34 35 37 44 57 64 67 73 76 80 83 87 92 96 97
57 1 3 5 6 8 10 11 13 14 17 19 21 22 26 27 28 30 31 36 38 39 40 43 44 45 46 47 51 53 54 55 56 59 61 62 64 65 66 67 69 71 73 74 77 78 81 82 84 85 87 89 90 94 95 96 97 99
34 1 6 7 11 13 14 20 24 30 33 34 39 40 41 42 49 55 57 59 60 64 67 68 71 75 77 80 82 87 88 89 95 97 99
43 1 3 5 7 9 13 19 25 27 29 30 31 32 40 43 44 47 48 49 52 54 56 57 58 60 64 69 70 71 73 76 77 80 81 83 84 85 88 89 92 93 97 98
31 1 2 5 9 18 23 25 29 32 34 37 44 47 48 51 52 53 54 58 60 63 64 65 74 75 79 80 86 91 93 96
14 19 26 27 35 42 43 48 52 53 63 68 75 93 96
46 1 7 8 9 14 15 16 17 21 22 23 28 30 31 32 36 37 40 42 43 44 45 47 48 49 50 51 52 53 57 60 64 66 68 70 71 72 81 82 88 89 90 93 94 97 98
46 2 5 6 7 8 9 12 14 15 16 20 23 25 26 27 28 29 30 31 33 36 38 45 48 50 54 56 58 62 63 64 65 66 69 71 73 75 78 79 80 83 84 88 90 96 98
58 3 4 5 6 8 9 10 12 13 14 16 17 18 23 24 25 28 30 31 34 35 39 42 43 45 46 47 51 52 53 54 55 56 58 59 60 61 65 66 69 71 72 73 75 78 79 80 81 83 85 87 88 89 91 93 94 96 97
45 2 4 9 10 11 12 15 21 23 24 25 26 27 30 33 36 37 39 41 44 45 47 52 58 59 60 61 64 65 68 70 71 72 73 74 75 78 82 83 84 87 94 95 97 99
22 4 9 12 14 17 19 21 25 30 31 32 35 47 51 59 63 67 73 77 80 92 99
39 2 3 7 8 14 16 18 19 20 21 22 23 28 29 34 36 37 39 40 45 49 50 55 57 60 63 66 70 72 73 74 75 77 79 81 89 90 91 92
49 2 3 7 8 9 11 15 16 21 22 23 25 27 30 32 36 38 41 42 43 44 47 48 49 50 51 53 55 56 60 63 67 68 70 71 74 76 79 81 82 83 86 88 90 91 92 93 97 99
36 3 5 8 9 15 21 24 29 35 37 39 40 49 53 57 60 62 64 65 69 70 72 75 77 79 80 81 82 84 88 89 90 93 94 98 99
23 10 11 12 18 19 22 34 36 38 39 41 57 63 66 68 69 71 78 79 82 86 87 94
33 3 6 7 9 10 11 13 19 22 27 28 32 46 48 49 50 51 53 55 57 58 64 66 67 70 73 77 78 81 85 91 98 99
54 2 3 4 6 9 11 12 13 14 16 17 19 21 22 29 30 32 33 35 37 38 40 41 45 48 54 55 56 57 58 62 63 64 67 71 72 73 74 75 77 78 79 80 81 82 83 86 87 90 91 92 96 98 99
37 2 5 7 11 15 18 21 23 24 27 31 35 36 39 42 48 49 53 54 58 67 69 70 73 74 76 77 79 86 87 89 90 92 93 94 95 99
28 5 6 7 8 12 21 22 30 36 37 39 40 47 52 54 58 67 68 71 74 77 78 83 86 92 94 96 97
49 1 2 3 7 9 10 11 12 13 16 18 21 22 23 24 26 27 29 36 40 42 43 44 45 46 47 48 49 51 54 55 56 60 63 65 68 69 72 74 76 77 78 81 84 85 86 95 97 98
46 2 3 5 6 7 9 10 12 13 14 15 17 18 21 23 24 27 28 31 32 34 37 42 44 45 46 47 48 50 52 53 55 60 62 64 70 75 76 77 85 87 89 90 91 94 98
20 3 4 8 13 24 28 34 43 61 63 64 65 68 75 79 84 90 91 95 98
16 6 9 14 41 46 51 52 53 58 62 63 72 77 78 83 84
48 2 3 8 11 15 16 17 18 28 29 30 31 32 33 34 35 38 39 40 43 44 46 48 49 50 53 57 58 59 62 63 67 69 70 72 73 76 77 80 82 84 85 87 89 92 93 94 99
40 1 2 4 8 9 10 13 14 16 17 20 23 24 26 28 30 32 33 37 38 39 40 43 50 51 53 54 60 61 64 73 78 80 81 87 88 90 91 94 96
26 1 10 13 20 26 28 29 31 38 39 42 43 47 54 55 57 58 61 62 66 69 70 73 91 93 95
51 1 2 4 7 8 9 12 14 17 18 22 27 30 32 33 36 38 39 41 42 44 47 48 49 51 52 53 55 59 60 61 62 64 65 67 68 69 73 74 78 79 81 82 84 85 86 87 91 93 96 97
17 1 4 10 12 13 16 21 23 31 41 52 53 56 57 83 94 96
55 2 4 6 7 9 11 13 14 17 18 20 21 22 23 26 27 28 30 33 34 35 36 37 38 39 41 43 46 47 48 49 51 52 53 56 58 60 62 64 68 69 71 74 76 77 79 81 86 88 89 91 92 93 98 99
13 13 20 25 48 49 54 60 61 69 72 78 81 83
28 2 3 4 8 12 13 14 18 23 26 29 32 39 40 41 42 51 53 54 56 57 58 63 67 72 83 86 99
54 2 6 7 9 11 12 13 14 16 17 20 21 22 23 24 25 27 29 32 33 34 35 36 38 39 40 41 42 45 46 49 50 52 53 54 55 56 57 60 62 63 67 68 73 77 78 81 83 86 88 90 92 95 97
23 2 6 17 18 20 21 23 26 27 46 48 54 56 58 59 68 69 71 79 81 84 86 92
23 1 4 8 10 14 19 21 22 29 31 33 42 43 46 47 48 60 73 78 79 80 81 88
50 1 5 9 12 13 15 16 17 18 19 20 21 22 26 27 34 36 38 42 43 44 45 47 48 50 53 55 58 59 61 63 64 66 68 69 73 76 78 79 80 83 85 91 92 93 94 95 96 98 99
22 21 23 25 34 46 48 49 60 62 63 67 68 69 70 72 76 77 80 81 86 95 98
59 1 2 3 7 8 10 14 15 16 18 20 23 24 25 26 28 30 33 34 35 36 37 38 39 40 41 42 47 48 49 51 52 53 56 57 59 60 61 62 64 65 66 67 72 73 75 78 79 81 82 83 84 86 87 89 91 93 94 99
36 6 7 9 10 12 15 18 19 20 23 24 26 31 32 34 35 36 39 44 48 50 53 57 59 61 64 65 69 82 87 88 92 93 96 97 99
60 4 5 6 7 8 9 10 11 13 14 15 20 21 22 23 24 28 31 33 34 36 37 38 39 40 41 42 45 48 50 51 52 54 57 61 62 64 66 67 68 69 70 72 73 74 76 77 80 83 84 86 88 89 90 92 94 95 96 97 98
24 3 4 14 16 21 27 41 43 46 48 53 56 57 60 61 63 65 66 72 76 82 85 93 94
31 7 8 9 15 22 23 26 29 32 35 36 38 39 43 44 47 52 54 57 59 60 61 62 68 77 79 81 85 90 94 99
60 2 5 6 8 10 11 14 15 17 18 19 20 21 23 26 27 28 29 31 32 36 37 38 40 41 42 43 44 46 48 49 52 53 54 56 57 58 61 62 63 65 67 68 71 72 76 77 78 79 80 82 87 88 89 91 93 94 96 98 99
18 2 3 6 12 22 38 40 46 48 62 68 69 73 84 87 90 93 99
57 1 3 8 11 12 18 19 20 22 23 24 27 28 29 31 32 35 36 37 38 39 40 42 43 44 46 48 49 50 51 52 53 55 56 57 58 59 61 63 65 68 71 72 77 78 79 80 81 84 85 91 92 94 95 96 97 99
29 5
45 2 3 4 5 9 11 12 13 15 19 23 24 25 29 31 32 34 35 37 39 41 42 44 46 50 51 52 53 54 55 59 61 62 64 66 68 78 80 81 83 88 93 94 96 99
14 15 25 38 42 44 61 63 68 74 80 82 83 92 99
59 1 6 7 8 9 12 13 14 16 18 20 21 22 23 25 26 27 28 29 30 32 33 34 35 36 37 38 39 40 43 45 47 51 54 56 57 58 62 65 68 69 71 72 74 75 76 79 80 81 82 84 86 87 88 89 90 92 95 97
52 2 6 7 9 12 13 15 20 21 24 26 29 31 34 35 36 37 41 44 47 48 50 51 55 56 59 61 63 64 65 67 70 71 72 73 74 75 76 79 81 82 83 85 86 88 91 92 94 96 97 98 99
20 1 11 13 19 22 25 30 32 40 52 54 61 63 64 65 69 76 83 89 98
34 2 3 5 11 15 16 18 19 20 22 26 27 35 48 51 52 62 64 65 67 68 70 73 78 79 81 84 85 86 88 91 92 95 96
13 16 20 22 29 42 43 47 64 69 72 84 91 99
25 6 13 17 22 25 29 30 33 36 37 42 50 53 62 70 71 76 77 81 82 86 89 91 93 96
37 1 4 6 7 9 10 13 15 16 21 22 23 24 25 28 30 31 35 42 48 53 54 56 60 62 64 68 71 74 76 82 83 89 91 92 94 98
45 1 2 4 5 11 13 14 16 17 18 19 20 21 24 25 29 34 35 36 40 42 44 46 47 51 52 55 56 57 59 61 63 66 67 68 71 72 74 77 79 82 89 91 94 96
51 2 3 5 9 13 14 17 18 19 21 22 24 27 29 30 31 33 34 36 38 39 44 45 47 49 50 57 58 59 62 63 67 68 69 72 74 75 77 78 83 85 86 88 89 92 93 94 95 97 98 99
51 3 8 9 12 14 15 16 17 18 21 22 26 29 31 33 36 37 38 40 41 43 44 45 46 47 48 51 52 56 58 59 60 61 62 63 65 66 67 69 72 75 78 80 81 85 89 90 92 93 94 99
51 3 5 6 8 10 12 16 18 19 20 21 22 23 26 27 28 29 31 32 41 42 43 44 45 46 48 51 52 53 54 58 59 63 67 68 69 71 72 73 79 80 83 84 85 86 87 90 91 95 96 99
43 4 7 8 9 11 12 16 19 20 21 25 26 27 28 31 32 33 34 36 38 39 42 43 45 53 59 60 62 63 64 72 73 75 80 84 86 87 89 90 91 93 96 99
18 4 6 11 19 25 27 29 31 44 47 49 51 59 64 69 70 79 90
14 5 8 20 21 31 35 49 53 54 56 67 78 82 86
56 1 2 4 6 7 8 10 11 13 14 15 16 18 19 20 21 22 23 25 26 27 31 32 33 35 38 44 45 46 47 48 50 51 52 54 56 57 61 62 64 65 66 71 73 75 77 78 79 81 82 87 88 91 92 96 99
33 2 4 10 12 18 22 23 25 27 34 35 39 41 44 47 51 53 54 57 66 67 68 72 74 81 83 84 85 87 89 92 96 98
44 1 2 4 8 12 13 15 16 18 19 23 27 28 29 32 34 35 37 42 43 44 46 50 52 56 57 58 59 63 66 67 69 71 75 78 80 87 88 89 90 93 95 96 99
46 1 2 3 4 5 9 10 12 16 18 19 21 22 24 29 30 31 34 36 46 49 50 53 54 55 58 62 63 64 67 72 75 79 80 81 83 85 86 87 89 91 92 93 96 98 99
37 1 4 10 11 12 15 16 22 23 27 30 32 33 34 36 37 38 39 42 43 44 45 56 57 58 59 66 71 74 80 81 83 87 90 91 98 99
40 5 14 17 18 19 21 22 23 27 28 32 34 40 42 44 46 48 53 54 56 57 59 61 62 64 66 67 70 74 75 79 80 81 83 86 87 89 91 96 97
39 3 6 7 16 17 18 19 21 23 25 27 30 35 37 38 39 40 41 46 47 51 53 57 61 64 65 68 76 77 79 80 86 87 91 92 93 94 95 97
46 1 3 8 9 10 11 12 13 14 17 18 22 24 25 26 34 35 36 37 39 40 41 42 45 46 49 53 54 58 59 61 64 65 70 73 76 81 83 85 86 89 93 95 97 98 99
58 2 3 4 9 11 13 14 15 17 18 19 20 21 23 24 25 31 33 35 36 37 39 41 44 45 46 48 52 54 56 57 58 62 63 64 67 68 69 70 71 72 73 74 76 77 79 80 81 82 83 88 89 91 92 93 94 95 97
16 5 9 25 37 40 44 55 63 72 75 77 81 83 84 93 99
44 2 3 4 5 6 11 12 13 14 15 18 21 26 30 34 36 38 40 42 44 53 56 59 60 61 62 65 68 70 71 73 74 76 77 78 84 85 87 89 91 92 93 96 98
60 1 3 6 7 8 10 11 13 15 16 18 19 20 21 22 23 25 26 27 28 29 32 33 34 35 37 38 39 43 46 47 49 50 51 52 55 56 59 60 61 62 63 64 65 67 68 69 70 71 72 73 77 82 83 84 87 89 92 93 96
37 4 7 9 11 12 17 25 26 30 36 42 46 47 49 53 54 56 57 60 61 64 65 66 69 73 75 76 77 78 80 83 84 88 89 93 96 98
20 14
23 3 4 6 8 11 14 15 16 24 25 30 35 37 38 49 57 67 70 72 73 80 93 98
23 3 11 15 17 20 21 27 31 34 40 44 47 49 58 62 63 64 67 71 76 78 91 94
54 1 2 3 4 8 9 11 15 18 19 21 22 23 24 25 26 28 30 32 33 39 41 43 45 46 48 49 51 53 54 55 58 59 63 64 65 66 69 70 73 75 77 78 79 80 81 83 84 85 86 87 89 91 93
41 4 5 8 9 10 13 15 18 19 23 24 28 31 32 34 41 42 44 47 49 51 60 62 65 70 71 72 74 78 80 81 83 84 86 90 92 93 94 95 96 97
47 2 4 6 8 9 11 12 15 16 17 18 21 24 25 29 31 33 34 35 38 39 41 44 45 46 47 49 53 56 60 61 62 63 64 68 69 72 73 79 85 89 91 92 94 96 97 98
40 2 3 4 11 13 15 18 19 22 23 24 26 27 29 31 32 35 36 42 48 49 51 53 58 60 62 63 64 65 71 76 77 78 79 88 89 93 95 97 99
52 3 6 9 11 12 13 14 15 17 23 24 25 27 29 30 32 34 35 37 42 46 50 51 53 57 58 60 61 62 64 65 66 67 69 70 72 74 75 79 81 82 84 86 88 89 90 91 92 94 95 96 98
31 2 4 6 9 14 20 22 23 30 31 34 45 47 52 54 55 56 57 60 64 66 71 72 77 85 87 89 94 95 96 99
55 1 5 6 9 11 12 13 14 19 20 21 22 23 24 26 27 28 29 31 32 33 34 35 36 37 39 40 41 44 45 46 47 49 50 52 53 56 57 58 59 60 62 63 64 73 74 75 76 81 82 83 84 87 88 98
51 1 2 3 5 8 9 10 15 16 20 22 26 29 30 32 33 35 36 37 38 39 42 45 46 47 48 50 52 55 56 59 62 63 65 67 68 69 70 73 74 76 78 79 84 85 88 92 95 96 98 99
58 1 3 5 8 10 11 12 15 16 17 19 20 23 25 28 30 34 36 38 39 41 43 44 45 46 49 50 51 52 53 55 56 58 64 66 67 68 70 71 73 74 75 77 78 80 81 83 84 86 87 89 90 91 92 94 95 96 98
44 5 7 12 13 14 17 19 20 22 23 24 25 26 28 32 33 35 36 37 39 40 44 45 49 51 52 55 63 66 75 76 77 78 80 81 86 87 88 89 90 91 94 95 96
13 2 10 18 21 25 33 40 50 61 64 66 69 84
53 2 4 6 7 9 10 12 13 15 17 18 21 28 31 32 33 34 37 38 39 41 42 43 44 45 46 52 54 55 56 58 59 60 61 65 67 68 69 70 71 72 74 76 78 81 82 85 88 90 91 92 93 97
50 3 4 6 7 8 10 13 16 17 20 21 22 24 29 30 35 36 42 43 46 49 50 53 54 55 56 57 58 59 61 62 63 65 66 67 71 73 74 75 77 78 82 83 86 88 89 91 94 95 99
25 1 2 3 6 10 20 21 22 23 25 31 48 49 54 55 57 67 69 71 80 82 84 85 88 95
28 2 3 5 6 12 13 15 18 21 23 26 27 31 33 34 35 39 47 50 53 60 65 67 71 73 77 94 95
22 6 10 12 14 18 19 20 35 36 37 43 46 53 54 56 59 62 79 85 89 93 94
22 2 25 36 38 39 42 44 45 56 63 67 69 71 72 78 79 80 81 83 85 95 99
32 3 10 12 14 15 18 21 27 29 30 31 32 33 39 49 50 54 55 61 66 68 70 71 76 77 78 80 81 82 83 84 95
27 16
52 1 5 8 9 13 14 15 16 18 19 20 22 23 24 25 28 29 30 33 35 36 37 39 40 41 43 44 47 52 53 54 57 60 63 64 67 68 69 71 72 73 75 76 77 84 87 89 91 94 95 96 99
59 1 2 3 4 7 9 10 11 13 14 15 16 17 18 19 22 23 24 27 28 30 31 35 36 41 43 46 48 50 52 53 54 55 56 61 63 64 65 66 67 68 69 70 73 75 77 78 79 81 86 87 88 89 90 91 92 94 95 99
48 2 5 8 9 11 13 18 20 22 24 26 28 31 32 36 37 41 45 47 48 50 53 54 56 58 62 64 66 68 69 70 71 72 73 77 78 80 82 83 86 88 89 91 93 94 96 98 99
30 3 4 5 7 12 17 22 28 29 32 34 39 41 44 48 49 51 53 54 56 58 65 70 73 76 81 83 87 91 98
17 20 24 37 38 39 43 46 49 50 65 67 70 74 80 83 90 91
54 1 2 5 7 8 10 11 13 14 18 19 20 21 23 24 26 27 29 30 32 34 36 37 38 39 40 41 43 45 47 48 49 50 52 53 54 58 59 61 63 68 73 74 75 77 79 82 83 89 90 91 96 97 98
18 5 6 12 14 16 17 21 31 33 39 47 52 63 69 83 84 92 96
48 3 5 6 9 13 16 18 20 22 23 24 25 27 28 29 30 32 33 34 35 37 38 42 43 44 46 47 48 49 51 52 57 59 61 63 65 68 70 71 74 76 78 80 83 95 97 98 99
55 1 6 9 10 11 16 19 20 21 22 25 26 27 28 29 30 34 38 40 41 43 48 50 51 52 53 55 57 60 61 62 63 65 67 68 69 70 71 72 75 76 77 78 79 80 82 83 85 86 87 94 95 97 98 99
35 2 5 7 15 19 24 27 29 33 34 41 42 45 49 51 52 56 59 60 67 69 71 75 76 77 78 79 80 81 83 85 88 91 92 99
39 7 9 12 13 14 17 19 26 28 29 30 34 36 37 39 41 45 46 48 49 53 56 57 63 65 66 72 73 75 76 77 78 79 83 84 85 93 98 99
35 1 2 4 6 7 9 10 17 18 20 21 25 28 33 34 40 41 42 48 49 50 55 56 60 62 65 66 71 73 83 85 86 92 93 96
46 6 7 8 11 12 14 15 16 17 18 19 23 28 35 36 37 39 41 42 45 46 50 53 54 56 57 59 60 62 63 64 66 67 68 69 72 74 75 78 79 81 84 91 92 94 95
36 1 2 7 9 16 21 25 26 28 29 30 36 37 38 39 41 42 45 46 49 52 54 55 57 62 63 68 69 71 75 77 79 80 90 95 96
34 5 6 9 19 20 22 24 25 26 32 37 40 42 45 50 51 53 54 59 60 64 66 68 69 70 71 74 79 80 81 84 88 92 97
20 6 20 27 33 34 39 42 44 51 54 59 60 61 64 67 74 83 89 95 98
39 1 4 5 7 12 16 17 18 21 22 28 30 33 34 35 36 40 47 48 49 64 65 66 67 72 73 75 79 80 81 84 86 87 90 92 93 95 97 98
45 2 3 4 5 6 7 8 10 11 14 18 20 21 22 24 25 28 30 32 34 38 40 42 43 44 45 46 49 50 52 58 59 65 67 69 79 80 83 84 86 88 89 91 97 98
57 3 4 5 7 9 11 13 14 15 18 19 20 21 22 25 26 27 29 30 34 36 37 44 45 48 49 50 51 52 54 55 56 58 60 61 62 64 68 69 70 71 72 73 75 77 79 80 81 82 86 88 90 94 96 97 98 99
27 6 7 10 16 19 21 22 23 36 38 48 51 52 54 67 70 77 78 79 81 82 83 87 90 96 97 99
30 4 6 17 19 20 25 29 31 39 41 44 46 47 48 51 54 55 63 64 67 73 74 75 76 77 79 82 89 92 98
51 1 2 4 8 10 20 22 23 25 26 28 29 31 35 36 37 38 39 40 42 43 45 46 47 48 49 50 51 53 54 56 59 65 66 67 70 71 75 77 83 86 87 88 89 90 91 92 93 96 97 98
42 3 4 11 14 17 18 19 20 21 23 25 26 27 31 32 33 34 36 37 38 40 42 44 46 50 57 61 62 65 69 70 74 76 77 80 82 87 89 91 93 94 96
24 8 10 11 16 22 23 26 34 35 40 44 49 50 56 59 63 65 67 76 90 92 96 98 99
26 5 7 15 22 27 28 30 34 38 46 48 51 61 62 63 64 66 67 69 70 72 73 74 78 80 81
53 2 5 7 11 14 15 16 17 22 24 25 26 28 29 31 32 33 36 37 38 40 44 45 46 47 51 52 53 56 59 61 62 64 65 67 69 71 72 75 78 79 83 84 86 87 89 90 92 93 95 96 97 99
41 6 8 9 17 18 19 25 26 28 30 32 33 35 36 38 44 45 47 48 50 52 55 62 65 67 68 69 71 72 75 77 78 79 82 85 86 87 89 94 95 97
47 40
30 1 2 6 7 8 14 20 21 23 24 29 30 33 38 43 44 49 55 56 61 64 65 69 75 78 91 93 97 98 99
43 1 2 5 6 7 8 9 16 19 20 21 23 25 30 32 33 35 37 41 42 45 46 50 51 53 64 65 67 71 72 75 76 78 79 80 81 83 86 88 90 94 96 99
60 1 3 4 5 8 9 10 12 13 14 16 19 20 21 22 23 24 25 26 29 30 32 33 34 35 37 38 39 40 41 42 43 45 46 49 51 52 53 54 58 61 63 64 65 68 71 74 75 78 79 80 83 84 86 88 89 90 91 92 93
13 20 25 56 57 70 72 81 85 87 92 94 96 97
56 1 3 5 6 7 8 11 15 16 17 20 21 22 23 24 25 26 27 29 31 33 34 36 37 38 39 41 43 44 45 46 47 48 50 51 55 57 59 60 64 66 67 69 72 73 74 77 78 79 81 85 86 90 92 93 98
60 1 2 3 4 7 8 9 12 14 15 17 20 21 22 26 29 34 35 36 37 39 40 41 42 44 47 48 49 50 52 53 54 55 56 58 60 63 64 65 66 68 69 70 72 76 77 78 79 80 81 82 83 85 88 89 91 93 95 96 98
35 1 4 5 7 12 15 17 23 24 27 29 35 39 40 45 47 51 52 53 54 55 56 57 58 62 65 69 71 74 82 83 84 91 94 97
27 2 3 6 17 19 25 26 28 36 39 40 44 48 51 52 60 61 62 64 66 68 76 79 81 88 93 96
23 10 20 22 23 26 28 29 47 49 50 52 54 58 62 66 71 74 75 78 90 91 95 97
23 2 3 7 9 11 17 18 23 28 29 43 45 46 48 50 68 72 73 82 83 88 94 96
38 3 5 8 9 17 21 24 25 31 33 36 37 40 42 44 47 48 49 51 52 53 54 56 59 61 62 64 66 68 70 73 78 80 83 91 92 98 99
36 2 3 10 14 15 16 18 19 24 27 30 31 37 39 49 57 59 62 65 67 69 71 72 73 74 80 85 87 88 91 92 94 95 96 98 99
30 1 5 7 11 15 20 26 28 41 42 46 48 49 51 57 60 63 64 65 67 68 73 74 78 79 88 91 94 98 99
40 1 3 5 6 7 9 11 14 16 17 18 22 24 32 38 41 42 43 44 45 48 56 58 65 68 69 70 71 73 74 76 82 84 85 86 89 90 92 93 96
39 1 7 9 10 12 15 17 19 20 22 23 24 25 29 33 38 43 44 45 51 53 55 57 58 60 61 66 68 69 70 71 74 77 83 87 89 93 96 98
18 6 14 16 21 22 25 38 42 53 56 59 60 63 82 85 88 90 93
45 1 3 5 7 9 10 11 12 13 14 21 22 24 25 26 27 28 29 32 33 34 36 41 44 50 51 54 56 57 58 59 60 63 64 65 67 68 71 77 82 86 89 91 93 99
51 1 3 7 9 13 14 15 17 18 19 20 25 26 27 28 32 34 35 38 39 44 48 49 51 52 53 55 56 57 59 61 62 63 64 68 70 76 77 78 81 82 85 86 89 90 91 93 95 96 98 99
19 4 5 11 20 29 31 33 38 39 42 45 46 50 58 59 66 67 76 87
51 5 6 7 9 10 16 18 22 23 25 29 34 35 37 38 41 42 43 45 48 49 51 53 54 55 56 57 59 60 61 62 64 65 69 70 72 75 76 79 80 82 84 85 86 87 88 91 92 93 97 98
26 10 19 22 23 26 35 37 42 44 48 53 55 58 59 60 65 66 75 78 82 87 93 94 96 97 98
33 1 2 4 5 7 9 13 19 21 22 26 29 30 37 40 45 47 50 54 55 59 62 66 67 69 76 80 82 89 94 97 98 99
25 8 9 14 15 16 17 18 22 26 27 32 34 36 38 54 74 75 76 77 78 79 92 93 94 96
20 1 3 7 13 15 20 23 28 37 41 46 47 53 54 60 70 75 78 88 89
20 4 5 15 16 25 32 38 51 53 56 59 60 61 62 66 72 81 86 98 99
34 1 4 5 7 11 13 18 29 31 34 36 38 41 44 46 50 52 53 59 61 62 63 67 70 71 74 77 78 81 82 87 90 96 97
23 3 10 16 18 23 24 25 27 29 33 35 38 48 50 51 52 65 76 77 81 83 94 99
54 1 3 6 7 8 9 10 12 15 16 18 19 20 24 26 27 28 29 32 33 34 35 38 39 40 41 42 44 46 50 51 52 54 57 62 63 65 66 68 71 73 75 78 82 85 88 89 91 92 93 94 95 96 98
31 2 4 5 6 11 13 15 16 18 19 21 24 26 39 43 47 51 52 56 65 70 71 72 78 81 82 85 88 97 98 99
49 2 3 4 6 7 8 11 12 16 20 22 23 25 26 27 28 32 37 39 44 45 46 47 49 51 55 56 57 59 63 65 68 71 72 73 75 76 77 81 84 88 89 91 93 95 96 97 98 99
36 2 3 4 5 8 9 13 14 17 20 21 22 23 24 28 31 32 34 36 41 45 47 50 51 52 54 55 63 65 72 76 79 86 87 92 98
55 1 2 3 5 6 10 11 14 15 17 19 20 21 22 23 24 25 26 27 29 30 31 34 35 36 37 41 42 43 44 46 48 50 52 56 57 59 61 64 65 66 67 70 75 78 81 83 87 88 89 90 91 93 96 97
19 13 15 16 20 24 29 33 34 36 37 40 44 49 50 53 64 69 85 99
20 1 10 18 19 23 24 26 31 35 41 45 56 58 60 65 66 68 69 75 89
27 1 2 4 8 11 12 15 18 21 22 23 35 42 47 52 54 55 56 57 61 62 70 77 81 82 83 98
17 11 15 17 22 29 31 46 50 54 65 68 78 79 80 86 88 97
19 1 2 6 11 28 31 32 33 51 57 62 64 66 67 69 78 89 91 98
12 1 2 4 16 17 22 24 35 36 52 65 98
49 1 3 5 7 9 10 15 17 18 19 24 26 27 29 30 32 33 36 39 41 42 44 47 50 51 53 54 57 58 63 68 69 70 72 73 75 76 77 80 81 85 87 88 89 90 91 93 94 96
24 2 3 6 9 15 19 20 21 24 29 32 40 41 51 53 60 63 69 72 76 77 89 91 94
33 4 6 7 9 10 12 14 20 21 23 24 25 28 34 36 38 41 48 53 54 58 62 64 69 71 75 78 83 91 93 94 98 99
14 2 7 12 13 18 31 40 47 49 51 67 72 75 95
31 2 7 16 19 22 25 30 34 37 38 41 53 59 61 67 68 69 71 72 74 76 77 79 81 82 84 86 90 91 92 95
49 2 3 4 5 8 9 18 22 23 24 25 28 29 31 32 35 37 38 39 40 49 50 52 54 56 57 59 61 62 63 64 67 69 70 72 75 76 77 78 81 82 84 89 90 93 94 96 97 99
27 3 11 18 19 22 23 26 31 32 36 38 41 44 47 52 53 59 60 61 64 68 72 85 86 87 93 98
23 2 9 18 19 21 25 28 31 32 44 55 59 66 67 70 76 82 86 89 90 91 96 98
21 9 10 19 23 30 32 35 39 48 49 52 68 72 75 76 78 85 91 92 95 96
25 10
57 2 3 8 10 11 13 14 15 18 20 23 25 26 31 32 33 39 41 42 43 44 45 46 51 55 56 60 61 62 63 64 65 66 67 68 69 70 71 72 75 76 77 78 79 83 84 85 86 87 88 90 91 92 93 94 97 99
42 1 2 3 5 10 11 12 13 14 15 23 24 27 29 30 32 33 34 36 39 41 44 45 46 47 51 58 59 62 63 67 71 80 82 83 84 88 89 91 95 96 97
14 9 29 31 42 43 44 49 58 61 85 90 92 96 97
24 1 4 5 6 8 9 11 20 28 34 44 52 54 55 59 62 66 78 81 88 92 93 94 99
58 1 4 5 7 9 10 11 12 13 14 15 16 17 18 21 24 25 28 29 30 34 35 38 39 40 43 44 48 49 50 51 52 54 55 57 58 63 64 66 68 70 71 72 73 74 75 76 77 78 79 84 86 87 90 93 94 95 98
28 3 5 12 17 18 19 32 37 40 41 46 47 54 57 58 61 64 69 74 75 78 79 81 84 86 90 92 96
19 2 6 7 10 13 14 16 20 26 30 32 45 63 66 70 74 75 87 92
39 2 4 9 12 13 14 17 22 23 25 32 34 36 40 41 43 44 47 49 50 52 53 54 60 61 66 67 69 73 75 78 79 85 88 89 91 94 95 97
18 9 11 14 15 19 20 24 30 49 60 67 68 70 72 74 77 78 85
26 2 5 8 10 11 14 16 27 34 38 42 48 50 54 57 58 66 67 71 75 76 77 78 87 88 93
33 1 2 3 6 7 10 11 12 17 19 27 30 31 36 37 39 40 41 46 48 49 50 55 57 58 59 73 82 87 88 89 90 98
30 1 15 19 24 25 26 27 28 29 30 32 36 39 42 43 44 48 65 68 74 76 77 81 82 85 87 88 91 95 97
35 6 8 10 13 15 16 17 20 21 24 28 33 34 38 39 40 42 43 44 49 50 51 54 56 58 59 60 62 65 74 78 80 82 85 87
27 10 12 13 18 25 39 40 44 45 47 48 50 51 56 58 59 60 68 70 73 78 83 86 87 91 93 95
16 3 12 13 17 20 24 26 29 35 43 46 55 85 86 91 99
52 2 4 7 9 14 17 18 19 20 21 22 23 25 27 28 29 32 33 43 45 47 48 49 50 51 52 55 56 59 60 61 63 68 70 72 73 74 75 76 77 78 79 84 85 88 89 90 92 93 96 97 99
16 2 6 8 9 20 21 27 29 30 35 61 68 83 84 86 90
33 1 3 7 11 14 27 31 33 37 43 44 46 47 52 53 55 58 59 61 62 66 71 73 75 79 81 83 87 88 89 90 93 97
14 5 11 15 19 22 37 40 53 56 70 82 85 86 92
55 1 3 4 5 6 7 13 14 15 16 17 20 24 25 27 28 29 30 34 35 38 39 40 42 44 46 48 49 50 52 55 56 57 58 60 61 67 68 69 70 71 75 76 82 83 84 85 90 91 92 94 95 97 98 99
20 2 5 10 11 17 18 23 33 41 45 46 58 67 77 82 83 87 90 91 92
34 2 3 5 6 8 9 11 16 19 20 30 32 33 35 43 46 49 50 51 52 55 60 61 68 72 73 74 76 81 83 86 88 97 99
19 1 5 8 14 26 27 28 33 50 51 55 60 71 79 89 90 93 97 99
18 3 13 14 22 23 24 25 26 40 42 47 48 54 63 76 82 98 99
20 6 10 19 22 24 25 28 32 33 34 35 43 44 61 67 71 77 79 93 96
16 3
25 2 6 9 10 14 33 43 49 51 52 54 56 60 67 69 70 72 77 79 80 81 83 85 88 98
20 10 15 21 34 38 42 46 54 59 61 62 64 67 71 73 74 77 89 90 95
22 1 7 10 18 21 30 35 36 46 50 53 55 56 71 74 75 79 81 88 90 91 99
48 2 3 7 10 11 12 17 18 20 21 22 24 28 29 31 32 33 35 37 38 41 42 44 45 49 51 52 54 65 66 67 69 71 72 74 76 77 78 82 84 85 86 87 88 94 96 97 98
60 1 2 4 5 7 8 9 12 13 14 15 16 17 19 20 21 24 27 28 30 32 33 35 37 40 44 45 46 47 48 49 50 52 55 56 57 58 59 62 63 64 65 67 68 70 72 73 76 80 81 83 85 86 89 90 92 93 96 97 99
42 1 3 4 5 6 8 10 11 13 15 16 17 20 21 23 26 28 30 35 36 38 40 44 46 47 50 61 63 69 70 71 72 73 77 79 81 84 89 90 93 95 96
14 12 15 21 32 37 44 46 56 65 66 72 75 90 94
46 3 4 5 6 9 11 13 15 16 20 22 27 29 30 31 36 38 40 42 44 47 48 49 53 62 67 68 69 71 72 73 74 77 78 79 81 82 83 84 85 87 88 91 96 98 99
26 2 8 10 13 15 20 21 22 30 32 39 44 49 50 52 59 68 75 81 86 87 89 90 91 97 98
43 2 3 4 5 8 10 13 14 16 17 18 19 21 25 27 29 30 31 33 38 41 43 50 53 55 59 61 66 68 70 71 72 74 75 77 81 82 87 90 91 93 94 98
30 2 3 6 7 11 12 13 22 27 28 30 35 40 41 45 49 53 56 59 68 69 73 74 79 80 85 90 91 96 97
31 1 4 8 10 11 12 15 18 19 29 32 33 34 35 38 39 40 57 61 65 66 72 74 79 83 85 86 89 94 95 96
24 2 14 17 20 29 39 43 47 48 49 53 59 61 66 67 71 72 77 80 82 83 86 90 96
19 2 12 13 18 23 27 37 41 52 63 65 69 70 71 78 85 87 94 99
29 3 5 6 7 8 13 24 28 34 36 41 45 46 48 49 59 64 66 67 69 71 72 75 80 81 82 84 85 86
55 1 3 11 12 13 14 16 19 22 25 27 29 30 32 34 35 36 37 38 40 42 43 47 50 51 53 55 58 59 60 61 64 65 66 68 69 72 73 75 77 78 79 82 84 86 87 89 90 91 93 94 95 96 97 99
28 24
55 1 3 4 5 7 8 9 11 15 16 18 19 22 23 24 25 26 30 32 33 34 36 38 40 41 44 46 47 50 51 52 53 54 55 56 57 58 59 60 62 64 65 69 71 72 73 74 76 78 81 85 86 87 88 98
55 1 3 4 6 7 8 11 12 15 16 18 21 22 25 26 27 28 29 32 34 36 37 38 39 41 42 43 49 54 55 56 59 60 61 63 66 67 69 70 74 76 77 79 80 81 83 88 89 90 91 93 94 95 97 99
29 3 6 7 10 11 12 15 19 24 29 34 50 51 55 56 58 59 60 64 66 71 76 83 84 85 91 95 96 99
24 12 14 15 16 17 18 23 25 33 38 42 47 49 55 61 63 70 71 83 85 86 94 95 96
19 1 7 22 23 29 36 37 39 47 52 60 66 68 70 77 84 87 91 97
42 5 6 7 9 15 20 21 24 25 27 29 32 35 38 39 49 51 53 54 57 58 60 65 66 67 68 70 71 72 75 76 78 79 81 82 84 87 88 90 92 94 95
20 5 12 24 32 38 43 49 53 54 56 58 59 60 63 70 73 77 79 89 98
54 3 4 7 9 10 12 13 14 15 18 20 21 22 24 25 26 30 34 38 40 42 43 45 48 50 53 54 55 57 58 59 60 62 63 65 66 69 70 71 74 75 76 77 80 81 82 84 85 87 90 91 93 97 99
55 1 2 4 5 7 9 13 15 16 18 19 22 25 26 27 29 30 31 32 34 36 38 39 40 46 47 49 50 51 52 56 57 58 61 62 63 64 65 66 68 69 70 71 75 79 80 81 82 84 85 88 89 93 95 98
50 2 4 6 7 10 14 15 16 19 20 23 25 26 27 28 29 30 31 33 38 39 41 44 46 47 50 52 53 55 56 60 61 62 64 71 72 74 75 76 77 83 84 85 86 89 90 93 96 97 99
48 1 3 6 7 9 10 12 16 17 18 23 27 29 31 32 33 34 35 37 42 43 45 53 54 57 58 60 61 62 63 65 67 68 70 78 79 81 84 85 86 87 89 92 94 95 96 97 99
21 1 2 5 22 24 27 38 46 55 56 57 59 60 61 68 71 75 82 83 86 95
52 2 4 5 6 12 15 17 19 22 23 25 27 28 29 31 33 34 35 39 41 43 44 47 48 49 50 51 53 55 58 59 64 67 68 69 70 71 73 74 75 77 78 79 85 87 88 89 90 93 95 96 98
25 1 6 10 13 15 16 17 19 20 23 30 37 38 39 44 52 53 56 57 62 67 68 75 78 81
34 2 6 7 9 13 14 15 20 22 25 35 38 39 40 41 43 45 46 48 52 54 61 63 68 75 78 79 82 83 87 88 90 91 93
27 3 7 10 11 12 14 16 17 19 26 29 36 42 43 52 56 58 65 72 74 77 82 83 88 91 93 98
26 5 8 9 22 23 25 32 33 38 42 50 56 57 61 64 68 70 72 78 80 81 83 87 94 96 99
52 1 2 6 8 9 14 15 16 18 19 21 22 23 24 28 29 30 31 33 34 36 37 39 43 44 49 50 52 53 54 55 56 57 59 61 63 67 68 69 74 75 76 82 83 86 88 90 92 93 94 95 98
33 3 6 8 19 23 44 45 46 48 49 52 55 56 58 59 60 68 70 72 73 74 75 76 78 79 80 83 86 87 93 95 97 99
45 1 4 5 7 10 12 14 18 20 23 24 27 28 29 32 33 36 37 39 40 44 53 56 58 59 60 65 66 67 69 71 72 73 75 79 81 82 84 85 87 90 91 94 96 99
52 3 5 6 7 8 12 14 18 20 21 22 23 25 26 27 28 29 30 31 33 39 40 42 44 45 47 49 54 57 59 62 66 68 71 72 73 74 75 77 78 79 82 85 87 89 91 92 93 94 96 97 98
23 2 5 6 7 16 17 18 20 22 24 28 31 37 43 44 47 55 56 59 61 82 84 88
31 2 9 10 11 16 20 24 26 27 31 32 42 48 49 60 66 68 69 70 71 72 74 75 80 83 85 86 87 90 92 96
43 1 4 6 8 10 11 14 18 21 22 23 24 28 30 35 39 40 41 45 47 49 51 55 56 60 62 63 64 67 68 69 70 71 75 76 77 81 88 89 91 92 93 95
19 10 12 13 14 21 26 37 38 40 53 54 61 65 66 77 80 85 88 89
48 2 5 8 9 10 12 14 16 17 19 21 23 25 29 31 37 39 40 41 42 43 44 45 51 53 54 57 59 61 62 65 66 68 70 71 72 74 78 79 80 81 82 83 84 87 91 93 96
27 2 18 22 25 26 30 32 35 38 42 43 44 47 49 51 58 60 62 67 71 77 79 81 82 86 92 93
38 2 4 7 9 12 13 15 17 21 23 27 29 33 36 37 38 40 41 43 47 48 50 51 54 62 65 68 72 78 83 84 85 88 89 90 91 92 95
49 10
50 2 4 5 6 7 8 12 14 15 16 18 19 20 21 27 28 30 32 34 36 37 38 39 40 41 45 47 48 49 50 51 59 62 63 64 66 68 69 70 73 75 78 79 83 84 89 90 94 95 98
23 3 11 13 24 26 31 35 36 43 45 47 50 53 55 58 67 71 73 78 84 91 94 97
33 1 2 7 8 9 13 17 27 28 29 31 33 34 36 37 38 40 43 46 47 56 59 67 68 71 72 73 74 79 80 82 95 97
48 1 3 4 7 10 12 13 16 19 21 24 26 28 30 32 35 36 39 40 41 48 49 51 52 56 57 59 61 63 64 65 67 69 70 71 72 74 75 79 84 85 87 88 90 91 93 97 99
13 2 4 7 14 19 23 35 41 42 43 48 93 95
56 1 2 3 5 7 9 10 11 12 13 14 15 17 18 22 23 27 28 29 30 31 32 40 44 46 49 50 52 55 57 59 60 62 64 65 66 67 68 69 70 72 74 80 81 83 84 85 88 89 91 93 94 95 97 98 99
54 1 2 3 5 6 8 9 10 16 17 20 21 23 24 25 29 30 31 32 34 35 36 37 40 41 46 48 49 51 52 53 54 63 65 66 67 68 69 73 74 75 76 78 79 81 83 85 86 87 93 95 96 98 99
41 2 3 5 6 9 10 11 15 16 17 18 20 21 22 23 26 27 28 31 37 41 42 47 48 50 56 58 60 63 64 70 76 77 80 88 90 91 92 97 98 99
22 4 8 14 15 27 29 31 33 34 35 41 42 43 46 54 68 70 77 79 83 84 96
51 1 2 4 5 6 8 15 16 19 22 27 29 30 31 32 34 35 43 44 48 51 52 54 55 57 61 62 64 65 68 69 70 71 72 74 75 76 77 78 79 80 81 84 87 90 91 93 94 95 98 99
52 1 4 5 8 9 13 16 18 19 20 21 22 25 26 27 32 33 35 38 41 42 43 45 48 49 50 51 52 53 56 57 58 65 68 70 71 72 74 76 78 80 81 83 85 86 87 88 90 93 95 96 98
26 2 7 17 21 25 27 29 37 38 39 43 46 54 57 58 66 70 71 74 78 81 82 86 92 96 98
53 2 5 6 9 10 11 12 13 16 17 20 21 22 23 24 25 27 28 29 31 32 35 37 38 39 46 48 49 50 51 54 56 57 61 62 63 64 69 70 73 74 77 81 82 87 88 89 92 93 94 95 96 98
30 3 4 10 13 17 18 21 23 24 31 33 37 38 43 51 54 57 62 64 66 67 70 71 72 77 85 86 88 90 98
50 2 4 6 12 14 15 16 17 19 22 24 25 27 28 32 35 37 42 43 49 52 53 55 57 59 61 62 64 65 66 68 69 71 72 73 75 78 80 81 82 83 84 87 88 90 91 92 93 95 97
16 4 13 25 27 35 37 52 62 71 72 78 81 86 93 94 97
59 1 2 4 5 6 9 10 11 13 15 16 18 19 20 21 24 25 26 27 30 32 33 35 36 37 38 39 41 43 44 48 49 51 54 55 56 57 59 60 61 63 65 66 68 69 70 72 77 78 79 80 81 86 90 91 92 94 95 98
13 7 9 18 23 25 52 64 66 68 69 73 76 96
12 5 11 17 28 41 61 66 70 78 85 89 98
31 1 4 5 8 14 16 17 20 23 27 35 36 39 40 42 43 45 54 56 58 59 61 67 73 75 81 83 86 93 95 96
44 2 9 13 15 21 22 24 25 26 29 30 31 34 41 42 43 44 47 52 53 54 57 59 61 63 65 66 69 76 77 78 79 82 84 85 87 89 90 91 93 94 97 98 99
27 11 14 16 20 22 25 29 44 46 50 52 55 61 63 68 70 74 75 76 77 81 85 86 87 88 92 99
21 10 12 13 16 20 21 22 23 36 41 42 45 47 49 56 60 61 70 72 92 93
35 2 3 7 8 9 10 11 13 18 23 24 29 32 34 35 43 45 47 48 52 57 66 68 69 71 76 80 81 82 84 88 94 95 96 99
41 1 2 5 10 12 13 14 15 16 19 21 23 25 27 30 31 34 35 45 46 49 50 51 52 57 58 60 61 62 64 65 66 72 74 80 81 83 84 89 93 95
12 13 16 19 35 60 62 70 77 81 84 87 95
55 3 4 5 6 13 15 16 17 18 20 21 22 23 24 25 26 30 31 35 38 41 42 43 46 47 48 49 50 51 52 56 57 59 60 64 65 66 67 68 69 70 71 72 73 76 80 81 82 83 85 86 88 92 94 96
32 1 2 3 5 9 11 14 15 19 22 25 29 32 35 36 43 45 50 52 54 55 62 63 66 67 69 77 83 84 85 86 93
32 1 3 7 9 12 13 14 18 20 22 30 31 34 35 36 38 41 43 50 51 56 57 59 62 72 76 80 85 88 92 94 99
17 3 13 14 17 18 19 31 36 43 48 55 57 65 82 87 92 93
45 2 9 11 12 13 17 18 25 27 28 29 30 31 36 39 41 43 46 51 52 54 55 57 59 60 61 62 63 66 67 68 69 70 71 72 78 80 81 85 90 91 92 94 95 99
57 1 2 3 4 5 6 7 9 10 11 13 15 16 20 21 23 25 27 28 30 31 38 39 40 41 44 45 46 47 48 50 51 54 56 58 60 62 63 64 65 67 68 69 70 71 72 78 80 81 82 83 86 89 93 94 95 98
52 2 3 4 7 8 9 10 12 13 15 16 19 21 23 26 28 30 31 32 33 34 36 39 42 46 49 50 54 55 56 58 59 61 62 63 67 69 71 72 73 74 76 77 79 80 83 84 89 93 95 97 99
30 1 7 11 14 16 18 23 25 26 28 29 36 38 39 40 42 44 45 46 50 53 60 61 65 73 79 81 89 95 96
14 3 12 22 23 28 40 47 59 63 64 66 70 83 91
14 5 16 17 23 24 27 30 40 49 52 75 81 86 89
17 8 9 10 15 34 41 42 49 54 56 65 66 73 77 88 89 91
23 12 14 15 17 22 23 43 47 50 54 70 71 74 77 78 79 83 84 87 88 90 91 96
51 2 7 9 11 14 16 17 18 19 20 23 25 29 31 32 33 34 35 37 38 39 40 42 44 45 46 48 49 52 55 57 60 61 65 68 69 72 74 77 79 81 82 83 84 85 86 90 93 94 96 99
47 1 2 3 8 10 11 15 17 18 19 21 26 27 28 31 32 33 34 36 38 40 43 45 46 47 51 52 55 56 58 61 63 64 66 70 71 74 78 84 86 88 91 93 94 95 97 99
42 4 6 8 10 11 15 17 18 19 21 27 28 29 30 33 34 36 38 40 41 42 46 48 50 51 54 58 60 62 65 69 72 76 77 79 80 84 86 90 93 95 99
13 5 6 7 16 26 37 40 47 51 61 69 89 94
32 1 5 10 16 18 21 29 31 32 35 36 39 40 52 53 54 56 61 62 65 69 72 75 76 81 83 86 89 90 94 95 97
15 6 8 11 12 17 20 22 27 35 43 48 61 80 84 98
25 6 8 11 15 18 20 21 23 25 34 39 41 43 45 49 51 53 56 61 65 69 72 76 78 86
22 1 2 3 8 11 14 15 16 20 32 36 37 45 55 59 67 71 75 85 88 95 97
22 2 3 11 14 15 16 23 26 33 58 61 62 67 70 71 74 76 79 88 89 90 99
42 1 2 5 8 9 15 18 20 22 35 36 37 38 45 47 49 51 53 55 56 57 59 60 62 65 67 70 71 72 74 79 80 82 83 84 87 90 91 92 94 95 99
36 1 3 7 10 15 16 18 22 23 24 26 34 35 37 39 42 43 44 45 49 52 53 54 56 58 62 66 68 73 75 84 87 89 92 97 98
27 21
18 8 11 13 16 21 26 36 46 48 56 58 60 67 72 74 80 96 99
21 2 5 6 8 9 10 18 23 34 35 36 38 40 60 66 80 83 87 90 94 95
22 3 23 28 29 30 31 41 43 45 48 60 61 62 68 69 75 76 81 85 92 94 97
35 1 5 9 11 13 22 24 25 27 29 30 31 34 36 45 46 47 50 51 55 58 66 67 69 71 76 78 81 83 84 87 88 89 94 96
58 3 4 5 7 9 11 13 15 16 21 23 24 26 27 30 31 32 34 36 38 40 42 43 47 48 49 50 51 53 55 56 57 58 60 61 62 63 64 65 66 67 68 69 70 71 77 80 81 82 83 89 91 92 93 96 97 98 99
55 1 3 4 5 7 10 11 12 13 15 16 18 20 21 25 27 29 30 33 34 37 39 40 42 43 44 45 46 51 52 54 55 57 58 61 67 68 69 71 72 74 75 77 80 82 83 84 86 88 89 90 94 96 98 99
42 2 3 5 6 10 13 14 16 18 29 32 33 34 35 36 37 39 40 41 43 49 55 57 59 62 63 68 69 71 72 74 76 78 81 82 83 84 87 90 93 94 96
59 2 3 4 6 10 11 13 14 16 17 19 20 22 23 24 25 27 29 31 32 33 34 35 37 38 39 40 42 43 44 45 46 48 49 50 51 54 56 59 60 61 63 64 67 71 73 74 76 77 78 80 81 83 88 92 94 95 97 98
42 1 3 5 6 7 9 10 12 13 16 18 19 21 23 24 26 29 32 34 36 37 46 49 55 60 63 64 65 68 69 76 77 79 81 85 88 89 90 92 94 95 99
58 4 5 6 7 9 10 11 12 13 14 15 16 17 18 19 21 22 23 24 25 28 29 30 31 32 34 37 38 40 41 42 44 50 51 52 55 59 62 64 65 69 70 72 73 75 76 77 78 81 86 88 91 92 94 95 96 98 99
15 5 10 12 18 24 25 26 27 36 38 46 75 76 91 93
18 5 8 18 22 29 30 34 35 38 42 55 62 65 71 73 77 85 98
49 4 5 6 10 11 12 14 15 16 17 18 19 21 22 25 29 30 33 34 35 36 37 40 42 43 44 45 46 48 51 52 53 54 56 58 59 60 65 66 73 74 75 78 80 82 87 89 94 95
34 2 6 9 12 14 15 16 17 19 20 26 27 30 33 34 39 40 45 46 47 51 54 58 61 64 65 68 77 84 90 91 92 95 97
41 1 2 3 4 7 8 10 11 12 14 16 18 21 25 27 29 30 36 38 43 48 49 50 52 53 54 57 63 65 68 72 84 85 88 89 90 92 93 94 95 97
22 16 20 23 26 33 34 37 43 45 49 50 53 60 64 83 84 89 94 95 97 98 99
49 3 4 5 7 10 11 12 15 16 18 24 25 26 27 28 29 32 34 35 38 39 41 45 46 47 50 51 52 53 54 57 60 61 62 63 64 66 74 77 78 83 84 87 88 89 91 93 94 97
32 1 2 3 6 9 12 16 19 26 33 36 37 38 40 41 43 46 48 50 58 59 68 75 76 78 79 80 81 82 87 92 99
37 6 11 13 14 18 19 20 26 27 28 34 43 44 45 46 47 48 50 56 60 65 68 75 76 77 79 80 84 85 87 89 93 94 95 96 97 98
30 6 10 11 13 15 17 20 28 29 31 32 37 43 46 47 49 58 59 60 62 66 69 79 81 86 88 90 91 93 94
50 1 3 5 6 8 10 13 14 15 19 22 25 27 28 29 30 33 34 35 37 38 42 44 45 47 48 49 50 57 58 61 66 67 69 71 73 74 76 77 80 82 83 84 87 90 92 95 97 98 99
45 2 4 6 8 10 18 21 23 24 26 28 29 30 33 34 35 37 38 42 43 52 53 54 55 58 59 61 64 65 67 71 73 74 78 81 83 84 87 89 90 92 93 94 96 99
19 1 7 13 14 17 27 33 57 64 66 67 69 72 73 81 85 91 92 97
53 1 2 5 6 9 10 11 13 14 15 17 18 19 20 21 22 23 28 31 33 34 38 39 41 44 46 47 48 49 50 52 53 54 56 57 58 59 61 64 65 66 69 71 76 77 81 85 86 92 94 95 96 97
55 2 3 4 7 8 9 10 11 12 15 16 17 18 19 20 21 22 23 24 26 29 32 33 35 36 41 42 44 45 46 49 52 53 57 58 59 60 70 73 74 75 76 78 79 80 81 83 84 86 87 90 91 94 98 99
30 6 8 9 10 12 14 34 35 38 39 44 49 54 57 61 63 65 70 72 74 76 78 80 84 85 89 91 93 96 97
55 1 2 3 5 10 11 13 16 17 18 19 20 23 25 26 28 30 31 34 35 37 38 40 41 42 43 45 48 49 50 51 53 54 56 57 59 60 61 62 63 64 66 69 71 72 75 89 90 91 92 93 95 96 97 98
0 0
