60
45493000
9
17
0 0.05419921875 80022
0 0.0101318359375 45649
1 0.11669921875 94714
1 0.0386962890625 76825
1 0.0223388671875 18940
1 0.078369140625 96336
1 0.11962890625 55584
0 0.102294921875 16126
0 0.015625 663
1 0.0968017578125 56659
1 0.105224609375 91387
1 0.0560302734375 63816
0 0.015869140625 55440
0 0.076171875 71759
0 0.0634765625 29056
0 0.0660400390625 34392
0 0.04541015625 48408
76150000
9
19
0 0.0316162109375 84753
0 0.08935546875 76719
0 0.061767578125 58310
1 0.0845947265625 86148
1 0.09423828125 70648
1 0.00634765625 59577
1 0.038818359375 62155
0 0.0936279296875 56865
1 0.0015869140625 11491
1 0.065673828125 72039
1 0.048828125 93648
1 0.0892333984375 61887
0 0.0596923828125 54554
0 0.0201416015625 79896
0 0.0059814453125 19892
1 0.0118408203125 14084
0 0.015380859375 6773
0 0.05029296875 54099
1 0.04296875 45476
19421000
7
12
1 0.026123046875 41331
0 0.0748291015625 98079
1 0.0325927734375 71096
1 0.1248779296875 39115
1 0.033935546875 30516
0 0.1240234375 55886
1 0.001220703125 8091
1 0.0804443359375 62674
0 0.1026611328125 35326
0 0.0555419921875 72848
1 0.1220703125 2381
0 0.0440673828125 80095
14365000
10
10
0 0.0880126953125 50784
1 0.0478515625 44721
1 0.0201416015625 84261
0 0.033935546875 62580
0 0.01708984375 58502
0 0.013916015625 30149
0 0.0723876953125 22386
1 0.057373046875 70856
0 0.010986328125 4761
1 0.0025634765625 15515
10623000
3
16
1 0.0709228515625 96619
1 0.094970703125 58462
1 0.1187744140625 73697
1 0.111083984375 10503
0 0.1053466796875 11688
0 0.0980224609375 91471
1 0.0924072265625 77992
1 0.00439453125 1518
0 0.068603515625 12587
0 0.006591796875 47860
0 0.0255126953125 4846
0 0.1065673828125 58854
1 0.065673828125 96303
0 0.086181640625 4054
0 0.0291748046875 98653
1 0.0279541015625 88009
12011000
5
13
0 0.0870361328125 93401
1 0.0111083984375 34391
0 0.077392578125 93519
0 0.01025390625 31578
1 0.0335693359375 66687
1 0.0946044921875 1691
0 0.0203857421875 74292
0 0.00537109375 54282
0 0.0009765625 49768
1 0.0477294921875 19520
1 0.0333251953125 21830
1 0.11279296875 94907
1 0.0035400390625 26686
85657000
4
17
1 0.0440673828125 17034
0 0.04638671875 77406
0 0.050537109375 2246
0 0.0050048828125 49941
0 0.098876953125 35617
0 0.0323486328125 58196
0 0.0902099609375 28929
1 0.0406494140625 91883
0 0.0426025390625 77404
0 0.0308837890625 49960
1 0.0264892578125 7794
1 0.0770263671875 83007
0 0.0274658203125 94782
1 0.08642578125 59593
1 0.0863037109375 89097
0 0.063720703125 86156
0 0.046875 97902
40342000
3
20
0 0.0670166015625 75062
0 0.012451171875 79587
0 0.1207275390625 47966
1 0.0963134765625 55340
0 0.00537109375 68476
0 0.0228271484375 9167
1 0.081787109375 63172
0 0.0423583984375 71085
0 0.0633544921875 39608
0 0.022216796875 56311
0 0.098876953125 74807
0 0.0562744140625 96588
1 0.052978515625 45119
0 0.0360107421875 19861
1 0.07958984375 52913
0 0.0592041015625 20589
0 0.0487060546875 2597
1 0.013916015625 63971
0 0.0916748046875 95744
1 0.1044921875 76374
24023000
6
11
1 0.065673828125 38915
1 0.0889892578125 67745
1 0.0714111328125 77785
1 0.0933837890625 2139
1 0.0478515625 2128
1 0.0838623046875 26790
0 0.0203857421875 61606
0 0.0941162109375 36734
0 0.0438232421875 27912
1 0.1231689453125 38764
1 0.06787109375 63668
75869000
8
17
1 0.0548095703125 98150
1 0.09521484375 35981
1 0.0489501953125 52236
1 0.0262451171875 16215
1 0.08837890625 52814
0 0.1080322265625 75281
0 0.1129150390625 91402
0 0.112060546875 34880
0 0.1116943359375 81306
0 0.0933837890625 57469
0 0.116455078125 28756
0 0.1168212890625 26624
1 0.0389404296875 44246
0 0.0291748046875 24264
1 0.0589599609375 14252
1 0.0216064453125 63342
0 0.02880859375 99923
28430000
10
13
0 0.0738525390625 57877
1 0.098876953125 62318
0 0.060302734375 28399
1 0.0919189453125 71015
0 0.091064453125 99192
1 0.03466796875 99716
1 0.072509765625 86895
1 0.014892578125 46738
1 0.0078125 71257
0 0.056884765625 63907
1 0.049560546875 33565
0 0.057373046875 57866
0 0.0711669921875 4633
78017000
10
10
0 0.0714111328125 74102
1 0.00439453125 54531
0 0.01318359375 77654
1 0.111572265625 79669
0 0.1070556640625 29249
0 0.0028076171875 75093
1 0.00634765625 76072
1 0.0804443359375 95977
0 0.068603515625 76072
0 0.0625 5277
98456000
8
15
0 0.031494140625 23355
1 0.0496826171875 56626
1 0.023193359375 38927
1 0.101318359375 16237
0 0.0712890625 31145
1 0.078857421875 5988
1 0.124755859375 82899
0 0.0731201171875 61910
0 0.109619140625 9923
0 0.1220703125 58331
1 0.006591796875 34478
1 0.084716796875 59528
0 0.1087646484375 31586
0 0.092529296875 55882
1 0.108154296875 55088
46500000
9
11
1 0.083251953125 71610
0 0.06982421875 77205
0 0.0810546875 73316
0 0.020751953125 80003
1 0.0211181640625 57146
1 0.111083984375 30113
1 0.023681640625 84300
1 0.0897216796875 73591
1 0.014404296875 96470
1 0.103271484375 15853
1 0.0555419921875 42546
58906000
8
17
1 0.04638671875 19037
0 0.067626953125 98981
1 0.085693359375 52095
1 0.02392578125 60486
0 0.061767578125 51763
0 0.032470703125 35330
0 0.010009765625 3783
0 0.060302734375 90679
0 0.0347900390625 66280
1 0.07861328125 19801
1 0.11376953125 84284
1 0.013427734375 82830
0 0.05615234375 84867
0 0.10302734375 91410
0 0.0003662109375 64033
1 0.1119384765625 82372
0 0.0546875 68758
29650000
8
20
1 0.048828125 80623
1 0.0439453125 81730
0 0.0328369140625 40121
1 0.063720703125 99302
1 0.0404052734375 89070
1 0.080810546875 86753
1 0.022216796875 14281
1 0.0079345703125 23747
0 0.112548828125 68657
0 0.0933837890625 95610
1 0.0914306640625 12793
1 0.0657958984375 62770
1 0.051513671875 16782
1 0.1005859375 24067
1 0.0753173828125 19079
0 0.0406494140625 30205
1 0.0567626953125 45001
1 0.0518798828125 19524
1 0.108154296875 83508
0 0.060791015625 96324
12976000
3
20
0 0.0677490234375 51696
0 0.0828857421875 74179
0 0.0985107421875 66383
0 0.096923828125 12876
1 0.083984375 71512
1 0.07421875 88516
1 0.0335693359375 30435
1 0.074951171875 58479
0 0.0662841796875 23788
1 0.0745849609375 14362
1 0.05810546875 81180
1 0.033935546875 5205
0 0.10009765625 52705
1 0.1185302734375 60493
0 0.0833740234375 55712
1 0.095458984375 9037
1 0.0703125 45916
0 0.070556640625 10945
1 0.0006103515625 66617
0 0.0025634765625 19393
32717000
9
18
1 0.05712890625 58155
0 0.023193359375 20659
0 0.0869140625 30520
1 0.055908203125 3581
0 0.0985107421875 21445
0 0.1058349609375 5566
0 0.097412109375 59550
1 0.06005859375 95085
0 0.1202392578125 81741
0 0.1026611328125 47161
1 0.06884765625 20017
1 0.0108642578125 52536
0 0.1248779296875 75802
0 0.0953369140625 23305
0 0.114013671875 65916
1 0.09130859375 88180
1 0.0283203125 34857
0 0.025634765625 21195
96162000
3
11
0 0.0826416015625 88017
0 0.022705078125 73575
1 0.0841064453125 5375
0 0.02587890625 65304
1 0.08251953125 40613
1 0.0379638671875 25624
0 0.0057373046875 77103
1 0.0413818359375 70945
0 0.0040283203125 28433
1 0.0806884765625 51274
1 0.001708984375 44060
46147000
4
16
1 0.0478515625 12801
1 0.010986328125 56603
0 0.1177978515625 30860
1 0.0506591796875 73711
1 0.119384765625 25758
0 0.0135498046875 57916
0 0.0628662109375 28402
0 0.1240234375 26524
0 0.0675048828125 98732
1 0.10595703125 3137
0 0.0062255859375 32902
1 0.0350341796875 88174
1 0.0728759765625 60158
1 0.095703125 96650
0 0.0250244140625 30251
0 0.12060546875 74819
28650000
4
18
1 0.0401611328125 81529
1 0.095458984375 76678
0 0.0308837890625 49164
0 0.0355224609375 9161
1 0.0792236328125 48664
0 0.1163330078125 57757
1 0.1103515625 68831
1 0.0338134765625 60772
1 0.1243896484375 4984
0 0.1170654296875 38545
1 0.072021484375 24897
0 0.0806884765625 51579
1 0.07275390625 60839
0 0.0909423828125 73250
1 0.06005859375 39144
0 0.0281982421875 31866
1 0.03955078125 93769
0 0.122314453125 35011
44279000
3
16
1 0.0458984375 87466
0 0.0849609375 74789
0 0.1007080078125 57277
0 0.023681640625 64750
1 0.0399169921875 69285
1 0.1131591796875 79464
1 0.1109619140625 34645
0 0.0057373046875 81062
0 0.051025390625 38010
0 0.0142822265625 98073
0 0.07763671875 56842
1 0.0880126953125 95908
0 0.0550537109375 45148
0 0.098876953125 67743
0 0.10888671875 31269
1 0.0421142578125 19128
59736000
3
16
1 0.0513916015625 15021
0 0.025634765625 4282
0 0.0050048828125 29738
0 0.0208740234375 53733
0 0.0699462890625 52622
0 0.00634765625 32000
1 0.1231689453125 89842
1 0.0684814453125 73355
0 0.09375 77027
1 0.01416015625 22287
1 0.01416015625 29290
1 0.054443359375 16512
0 0.078369140625 27389
0 0.08349609375 94740
1 0.0947265625 63996
0 0.038818359375 40533
91986000
5
14
1 0.0057373046875 95614
1 0.0692138671875 54024
0 0.12353515625 71819
1 0.1129150390625 19979
0 0.0390625 92782
1 0.07470703125 26988
0 0.0223388671875 72670
1 0.0303955078125 37049
0 0.098388671875 45302
1 0.041748046875 12302
0 0.0538330078125 46057
0 0.07958984375 50177
1 0.0743408203125 4155
0 0.034912109375 30133
6324000
10
14
1 0.1240234375 79655
0 0.0162353515625 22054
0 0.0704345703125 73447
0 0.083984375 89661
0 0.0806884765625 13709
0 0.063232421875 43679
0 0.0667724609375 86766
0 0.098388671875 8165
0 0.04443359375 73694
1 0.0008544921875 69417
0 0.0810546875 10495
0 0.1116943359375 86062
0 0.043701171875 88956
0 0.0986328125 45738
9973000
6
18
1 0.04638671875 33777
0 0.0394287109375 56664
1 0.1181640625 20329
0 0.049072265625 72907
0 0.0123291015625 21041
1 0.0250244140625 74930
1 0.0673828125 12844
0 0.037109375 72401
1 0.0130615234375 48260
1 0.00146484375 46272
0 0.0948486328125 72678
1 0.05029296875 33302
0 0.0814208984375 23534
0 0.1021728515625 67461
0 0.071044921875 98997
0 0.05419921875 96578
0 0.0496826171875 44039
1 0.1029052734375 10740
32679000
10
20
1 0.0682373046875 34386
0 0.0601806640625 64960
0 0.1236572265625 33618
1 0.0362548828125 1719
1 0.004150390625 24366
0 0.013916015625 43091
0 0.0692138671875 36839
0 0.1121826171875 91541
1 0.093505859375 71616
1 0.0242919921875 68287
1 0.0042724609375 99633
0 0.04833984375 49121
1 0.020263671875 39988
0 0.1083984375 4366
1 0.0960693359375 52301
0 0.0498046875 67292
0 0.06298828125 12252
1 0.015380859375 59038
0 0.0225830078125 41642
1 0.034423828125 25388
1185000
8
18
1 0.11279296875 91476
0 0.0782470703125 30487
0 0.04248046875 98642
0 0.0343017578125 87770
1 0.0367431640625 37171
0 0.090576171875 66641
0 0.060791015625 28494
1 0.095458984375 38066
1 0.025634765625 98254
1 0.001953125 34040
1 0.0357666015625 6363
0 0.056884765625 76261
0 0.0084228515625 83312
1 0.0994873046875 38586
1 0.0064697265625 9471
1 0.0654296875 85620
1 0.108642578125 33581
0 0.0401611328125 16322
20054000
10
19
1 0.0596923828125 65096
0 0.07080078125 62323
1 0.012451171875 1939
1 0.0440673828125 46103
1 0.080810546875 56090
0 0.0927734375 99987
1 0.1182861328125 30311
0 0.05029296875 93227
0 0.019775390625 3590
0 0.0489501953125 71106
0 0.103515625 70666
0 0.0054931640625 49389
0 0.08203125 75264
0 0.119384765625 66888
0 0.1085205078125 8533
0 0.0169677734375 64151
0 0.033935546875 64875
0 0.103271484375 79410
1 0.017822265625 79840
11484000
10
10
0 0.0987548828125 10552
1 0.065185546875 32786
0 0.0235595703125 7238
1 0.094482421875 87124
1 0.006591796875 36871
0 0.1243896484375 35456
1 0.0980224609375 11822
0 0.11669921875 84983
1 0.0955810546875 66786
0 0.037353515625 86015
73683000
6
18
1 0.1092529296875 81894
0 0.0738525390625 47855
0 0.064697265625 39724
1 0.068603515625 54842
1 0.0001220703125 3404
0 0.117431640625 31827
0 0.0872802734375 13555
1 0.00927734375 34695
0 0.0908203125 86095
0 0.1197509765625 41522
0 0.106201171875 26694
0 0.013916015625 65268
0 0.099365234375 42975
1 0.0633544921875 1993
0 0.101806640625 75920
1 0.019287109375 96771
1 0.1025390625 63495
1 0.1131591796875 63024
1730000
10
20
0 0.0302734375 26784
1 0.024658203125 40568
1 0.0775146484375 82572
1 0.02685546875 92390
1 0.052001953125 45757
1 0.0889892578125 61786
0 0.0362548828125 86582
0 0.0928955078125 49685
0 0.060302734375 36418
0 0.03271484375 26646
1 0.0059814453125 27075
0 0.02880859375 84535
0 0.0443115234375 36654
0 0.048583984375 99393
0 0.0045166015625 15543
0 0.006103515625 12702
1 0.115966796875 34729
1 0.0977783203125 66315
0 0.04052734375 21048
0 0.031005859375 73315
81349000
5
16
1 0.0765380859375 8643
1 0.073974609375 68083
0 0.0723876953125 59653
1 0.10107421875 99101
0 0.112060546875 95945
1 0.0350341796875 89729
1 0.0487060546875 27066
1 0.044189453125 42697
0 0.086669921875 72442
0 0.0723876953125 9552
0 0.0865478515625 2372
1 0.1083984375 55420
1 0.039794921875 50979
0 0.0067138671875 49879
1 0.01708984375 3132
0 0.049072265625 83998
9952000
4
12
1 0.0498046875 56227
0 0.1060791015625 61554
0 0.0999755859375 62659
0 0.078857421875 95499
1 0.030517578125 86521
1 0.0472412109375 54292
0 0.0609130859375 73713
1 0.1038818359375 22204
1 0.1171875 33562
1 0.0548095703125 818
1 0.033935546875 95691
0 0.064697265625 5038
46897000
7
16
1 0.107666015625 68543
0 0.030029296875 78484
1 0.0201416015625 52246
1 0.0963134765625 23130
0 0.0821533203125 94219
1 0.1236572265625 53808
1 0.1187744140625 58862
0 0.0731201171875 72797
1 0.114013671875 78694
0 0.0775146484375 24111
1 0.116943359375 31096
1 0.03564453125 33285
0 0.0762939453125 65191
0 0.069580078125 62040
0 0.0556640625 87103
1 0.0941162109375 94072
71262000
7
16
1 0.0404052734375 94293
0 0.0821533203125 34063
0 0.01513671875 62771
0 0.120361328125 84393
1 0.0601806640625 24711
0 0.0955810546875 98572
1 0.055419921875 84224
0 0.031494140625 9982
1 0.0013427734375 16907
1 0.0750732421875 99570
1 0.005126953125 1643
0 0.08447265625 38171
0 0.10791015625 18828
0 0.0240478515625 76831
0 0.0068359375 27315
1 0.116455078125 13411
91853000
7
11
0 0.03466796875 3227
0 0.0565185546875 93998
0 0.1102294921875 3909
1 0.1143798828125 63922
1 0.0672607421875 92127
0 0.048828125 99823
0 0.12255859375 56449
0 0.09375 96038
0 0.0582275390625 58524
1 0.1239013671875 6339
1 0.0120849609375 83082
38838000
6
12
0 0.111328125 95204
0 0.0247802734375 87389
1 0.0142822265625 22409
1 0.036865234375 17132
1 0.0595703125 22405
1 0.0938720703125 62747
1 0.1014404296875 20588
0 0.1131591796875 62560
0 0.000732421875 24398
1 0.0897216796875 43450
0 0.11474609375 315
0 0.0506591796875 72667
90263000
8
18
1 0.028564453125 49945
0 0.040283203125 76185
0 0.114990234375 89546
1 0.0848388671875 56660
0 0.07666015625 20155
0 0.0452880859375 91884
1 0.0908203125 74442
1 0.0745849609375 23067
1 0.0472412109375 51697
0 0.0537109375 67507
0 0.0811767578125 55004
1 0.113037109375 73135
1 0.1051025390625 72599
0 0.10986328125 1424
0 0.06689453125 30883
1 0.0194091796875 20741
1 0.03759765625 63961
0 0.017822265625 37509
36078000
8
13
1 0.0506591796875 38184
0 0.1246337890625 44387
0 0.070556640625 49982
1 0.0780029296875 23535
1 0.023193359375 62919
0 0.0909423828125 94937
0 0.0870361328125 50174
0 0.045166015625 32830
0 0.121337890625 32077
0 0.0760498046875 36547
0 0.1239013671875 26311
1 0.078125 88098
1 0.0760498046875 73920
69727000
9
14
1 0.039794921875 17264
0 0.002685546875 7935
1 0.1053466796875 67602
1 0.11279296875 52256
1 0.035400390625 34289
1 0.0894775390625 12587
0 0.0394287109375 40632
1 0.1004638671875 5105
1 0.013916015625 85669
0 0.0457763671875 18213
0 0.073486328125 88377
0 0.0771484375 73530
1 0.0985107421875 66511
0 0.037109375 90686
11196000
9
20
1 0.09716796875 4103
0 0.118896484375 26319
1 0.0880126953125 92968
0 0.0257568359375 70933
0 0.0208740234375 82135
1 0.0723876953125 27271
1 0.0462646484375 86096
0 0.076904296875 25382
1 0.0958251953125 98242
1 0.0946044921875 70502
1 0.0068359375 50370
0 0.007080078125 51448
1 0.075439453125 68094
1 0.0789794921875 27456
0 0.1187744140625 35701
1 0.040771484375 75378
1 0.0494384765625 92717
0 0.0394287109375 58678
0 0.1060791015625 45424
0 0.0560302734375 91702
80981000
6
20
0 0.0867919921875 55121
1 0.010498046875 25822
0 0.0760498046875 11774
1 0.1123046875 91077
1 0.0750732421875 79422
1 0.0660400390625 8395
0 0.088134765625 48902
0 0.001220703125 88852
1 0.07666015625 36538
1 0.119140625 92121
0 0.0404052734375 22243
0 0.0611572265625 86384
0 0.1090087890625 81340
0 0.0992431640625 77524
0 0.0108642578125 24619
0 0.119873046875 34103
0 0.04443359375 28405
1 0.0810546875 1593
0 0.1005859375 27126
1 0.0830078125 73371
3837000
7
11
1 0.0556640625 52452
0 0.015625 13421
1 0.028564453125 94011
1 0.1134033203125 94710
1 0.038330078125 8110
1 0.087158203125 27626
1 0.0863037109375 81309
0 0.1090087890625 34226
0 0.04931640625 38103
1 0.0272216796875 80889
0 0.0811767578125 95538
43439000
10
20
0 0.0477294921875 99389
1 0.066650390625 66099
0 0.0555419921875 92371
0 0.0489501953125 66198
0 0.0390625 47601
0 0.014892578125 63543
1 0.0360107421875 46742
0 0.0152587890625 16847
0 0.100830078125 62032
1 0.0250244140625 21667
1 0.04052734375 6045
1 0.009033203125 65811
1 0.0345458984375 96881
0 0.086669921875 52979
1 0.000732421875 22691
1 0.0198974609375 46972
0 0.116455078125 31370
1 0.06298828125 37838
0 0.0753173828125 11856
1 0.0048828125 12349
55050000
8
18
1 0.0196533203125 20992
0 0.0556640625 71303
1 0.0947265625 46716
1 0.005126953125 50234
0 0.0169677734375 90278
0 0.002197265625 2747
1 0.111572265625 89109
0 0.0333251953125 39951
1 0.0048828125 88813
0 0.123779296875 9244
1 0.041015625 31036
1 0.0118408203125 76255
0 0.0343017578125 49600
0 0.0411376953125 69749
0 0.0902099609375 23340
0 0.0313720703125 1497
0 0.078369140625 75801
1 0.0167236328125 66689
66594000
10
12
1 0.0113525390625 2298
1 0.1102294921875 14154
1 0.10693359375 73590
1 0.061767578125 93405
1 0.0762939453125 58021
1 0.1185302734375 44118
0 0.109619140625 70916
1 0.1014404296875 24825
1 0.1236572265625 77096
0 0.1151123046875 36711
0 0.0594482421875 14316
1 0.0068359375 63748
99060000
3
12
1 0.0443115234375 81681
1 0.1239013671875 31421
0 0.044677734375 54927
0 0.06591796875 4316
1 0.0982666015625 15320
0 0.0421142578125 35699
1 0.032958984375 89031
0 0.115478515625 82548
1 0.0574951171875 53724
1 0.0216064453125 42051
1 0.0892333984375 75003
1 0.0618896484375 3785
53931000
4
11
1 0.0751953125 63053
0 0.01708984375 97387
0 0.044677734375 33388
0 0.0531005859375 43436
0 0.0391845703125 60267
0 0.1171875 30765
1 0.0263671875 67629
0 0.091796875 99176
1 0.1070556640625 53127
0 0.05712890625 82083
1 0.1214599609375 59767
7438000
9
11
1 0.0047607421875 92026
1 0.0460205078125 78334
1 0.114013671875 20514
1 0.0791015625 81110
0 0.039794921875 88894
1 0.03662109375 48996
1 0.02001953125 41988
1 0.0030517578125 65637
1 0.021728515625 27180
0 0.04931640625 63569
1 0.0333251953125 28922
38171000
5
11
1 0.0665283203125 38796
0 0.059814453125 87114
1 0.1011962890625 24751
0 0.122314453125 2673
1 0.0045166015625 54272
1 0.09619140625 11681
0 0.065673828125 75852
0 0.06201171875 18953
1 0.098876953125 58558
0 0.008544921875 76397
1 0.0892333984375 27602
65519000
10
19
0 0.029052734375 93490
0 0.0557861328125 60987
0 0.0244140625 18329
0 0.05322265625 3552
1 0.078369140625 68802
1 0.1014404296875 9829
0 0.0869140625 54756
0 0.0556640625 38439
0 0.052978515625 38546
0 0.09033203125 30395
1 0.047119140625 57206
0 0.119873046875 11101
0 0.1015625 10013
1 0.021728515625 48358
1 0.044677734375 17323
1 0.117919921875 36929
1 0.0302734375 6028
1 0.0330810546875 27736
1 0.05126953125 60315
60871000
7
14
1 0.0870361328125 93794
0 0.0728759765625 24493
0 0.01611328125 47418
0 0.1146240234375 9011
0 0.1146240234375 61610
0 0.1185302734375 12225
0 0.022216796875 19129
0 0.03564453125 31092
0 0.0816650390625 86805
0 0.0611572265625 24925
0 0.0172119140625 88089
0 0.0577392578125 4079
1 0.0426025390625 46865
0 0.0863037109375 72996
71280000
4
20
1 0.1195068359375 65408
1 0.09765625 21888
0 0.0953369140625 7812
0 0.0755615234375 65099
0 0.0179443359375 99027
0 0.123779296875 56999
1 0.0357666015625 49817
1 0.0347900390625 59802
1 0.101318359375 53387
0 0.016845703125 26104
0 0.047119140625 83042
1 0.0760498046875 88842
1 0.0997314453125 76838
1 0.0130615234375 32597
0 0.028564453125 28199
0 0.04345703125 14156
0 0.06005859375 42250
0 0.096923828125 63514
0 0.012939453125 21206
0 0.0059814453125 71977
21596000
7
16
1 0.0809326171875 77359
0 0.02099609375 81233
1 0.09130859375 61087
0 0.100830078125 99762
0 0.090087890625 31567
0 0.0963134765625 75459
0 0.0478515625 86267
0 0.1016845703125 72169
0 0.042236328125 31155
0 0.1221923828125 54348
1 0.0555419921875 12638
1 0.10302734375 68178
1 0.0718994140625 42835
0 0.06103515625 79797
0 0.0867919921875 95582
1 0.03564453125 95081
32905000
4
18
0 0.041748046875 18527
1 0.0234375 20310
1 0.1119384765625 43203
0 0.0982666015625 36669
1 0.0849609375 28128
1 0.0328369140625 8002
0 0.08154296875 66005
0 0.1041259765625 6049
1 0.052001953125 68394
1 0.0823974609375 99279
0 0.0322265625 61937
0 0.073974609375 49356
0 0.10205078125 35242
0 0.0374755859375 71797
1 0.0164794921875 45110
0 0.0184326171875 50653
1 0.042724609375 51021
0 0.1046142578125 2140
10649000
9
12
0 0.035400390625 29039
1 0.1229248046875 43050
1 0.097412109375 3774
1 0.10888671875 93723
1 0.0091552734375 9089
0 0.075439453125 83920
1 0.005126953125 43151
0 0.09814453125 1949
0 0.1126708984375 88717
1 0.0126953125 85873
0 0.1046142578125 89121
0 0.052001953125 43415
5742000
7
17
1 0.050537109375 96093
1 0.0975341796875 89669
0 0.00390625 68294
0 0.0408935546875 21263
0 0.114501953125 58695
1 0.1046142578125 24592
1 0.1170654296875 3162
0 0.0987548828125 86401
0 0.0235595703125 6345
1 0.06396484375 45658
1 0.0130615234375 66125
1 0.0609130859375 36641
1 0.0601806640625 2930
0 0.0101318359375 68290
0 0.00927734375 29476
0 0.0521240234375 42321
0 0.00830078125 94796
4804000
10
20
1 0.112548828125 9769
0 0.046630859375 63900
1 0.0191650390625 31728
1 0.0323486328125 19836
0 0.0499267578125 52969
0 0.080322265625 47687
1 0.0780029296875 8487
0 0.010009765625 93548
1 0.1199951171875 18862
0 0.0687255859375 43338
1 0.078125 98444
0 0.02490234375 67354
0 0.033203125 60754
0 0.0150146484375 64663
0 0.1141357421875 73117
1 0.0325927734375 47897
1 0.06787109375 1214
0 0.03759765625 19462
0 0.0078125 33779
1 0.01953125 8874
37654000
3
10
1 0.068603515625 90708
1 0.07421875 54127
1 0.0712890625 49197
1 0.068359375 49937
0 0.0738525390625 27272
0 0.0767822265625 85337
0 0.0927734375 34946
0 0.0135498046875 88218
1 0.0443115234375 46134
0 0.0325927734375 35589
