60
20345000
8
11
0 0.033447265625 1246
1 0.02099609375 1721
1 0.0574951171875 19366
0 0.03759765625 70113
1 0.0126953125 43515
0 0.0609130859375 64256
1 0.017578125 13100
1 0.107666015625 38377
0 0.013916015625 22616
0 0.0982666015625 79386
1 0.0677490234375 23825
74936000
7
17
0 0.123291015625 46678
0 0.0362548828125 88159
1 0.089599609375 89687
0 0.045166015625 82581
0 0.08935546875 34570
0 0.000244140625 52946
1 0.08447265625 2062
1 0.0147705078125 34622
0 0.094970703125 64526
1 0.012451171875 3196
0 0.1231689453125 73587
1 0.12158203125 22608
1 0.063720703125 44929
1 0.114990234375 29226
1 0.0050048828125 1456
0 0.1207275390625 62315
1 0.01806640625 13801
1132000
9
14
1 0.033203125 46016
0 0.06494140625 13461
0 0.0123291015625 44274
0 0.013427734375 2196
0 0.086669921875 19269
0 0.0126953125 82669
1 0.0137939453125 22311
0 0.1087646484375 24413
0 0.0516357421875 45875
0 0.030029296875 70860
1 0.019775390625 64190
0 0.005126953125 94482
0 0.055908203125 79427
0 0.0040283203125 6022
49026000
6
17
1 0.0174560546875 38014
0 0.00244140625 95390
0 0.04443359375 9804
1 0.0543212890625 5607
1 0.11572265625 95552
0 0.0487060546875 86397
1 0.0897216796875 70570
1 0.0457763671875 41588
0 0.073974609375 24100
0 0.060791015625 78169
1 0.0423583984375 33507
1 0.095947265625 65648
1 0.075439453125 68817
0 0.0169677734375 9709
0 0.1180419921875 72414
0 0.1197509765625 88549
1 0.086669921875 80692
27502000
9
20
1 0.0526123046875 58418
0 0.081298828125 98880
1 0.04052734375 14864
0 0.0693359375 60584
0 0.1072998046875 75276
0 0.0335693359375 50954
1 0.059814453125 98777
0 0.1009521484375 60510
1 0.109375 64430
1 0.0535888671875 67095
0 0.0087890625 8331
0 0.0357666015625 15333
0 0.0751953125 16682
0 0.054931640625 2473
1 0.020263671875 87464
0 0.0946044921875 66162
0 0.0408935546875 40565
1 0.0908203125 36384
0 0.0279541015625 45951
0 0.01123046875 9305
63744000
4
15
0 0.077880859375 65596
0 0.03271484375 17366
1 0.021484375 19406
0 0.070068359375 73456
0 0.0146484375 39828
1 0.0184326171875 96333
1 0.0899658203125 18363
1 0.02685546875 92253
0 0.103515625 99627
1 0.054443359375 53635
0 0.1082763671875 53251
1 0.1082763671875 21651
0 0.017822265625 60162
1 0.0032958984375 77315
0 0.05908203125 3135
95003000
5
17
1 0.07470703125 80323
1 0.04736328125 95764
1 0.0626220703125 2022
1 0.100341796875 9456
0 0.0755615234375 82692
0 0.0904541015625 67826
0 0.0909423828125 25876
1 0.0848388671875 50348
0 0.01806640625 30470
0 0.0478515625 38659
1 0.0445556640625 86275
0 0.03564453125 28185
1 0.0577392578125 99811
1 0.0240478515625 15534
1 0.1058349609375 70142
0 0.1085205078125 28061
0 0.11767578125 82518
78043000
4
13
0 0.0196533203125 69975
0 0.058349609375 2951
0 0.1099853515625 9893
0 0.049072265625 11038
0 0.05712890625 85800
1 0.0242919921875 34390
0 0.00390625 71254
1 0.005126953125 6638
0 0.107666015625 99875
1 0.0482177734375 58000
0 0.0582275390625 20447
1 0.0230712890625 93371
0 0.10546875 7472
39812000
8
19
1 0.0760498046875 59939
0 0.1239013671875 67906
0 0.059814453125 64520
0 0.0142822265625 14448
0 0.0460205078125 8798
1 0.051513671875 35355
1 0.0528564453125 37503
1 0.051513671875 45654
0 0.063232421875 39742
1 0.0328369140625 43199
1 0.0693359375 44141
0 0.011962890625 96176
0 0.092529296875 3105
0 0.0364990234375 78992
1 0.0694580078125 79252
1 0.033447265625 5700
0 0.0322265625 29437
0 0.10498046875 31485
1 0.0582275390625 94069
845000
6
15
1 0.0950927734375 77310
0 0.0458984375 40054
1 0.0986328125 25884
0 0.0185546875 69483
1 0.06201171875 72608
0 0.01123046875 29795
1 0.0465087890625 57932
0 0.110107421875 82717
1 0.1051025390625 96745
0 0.0565185546875 11854
0 0.02197265625 13162
1 0.060546875 82660
1 0.064697265625 75070
0 0.0462646484375 39630
1 0.0194091796875 47522
38120000
10
18
1 0.0462646484375 35995
0 0.0841064453125 18478
1 0.0408935546875 46226
0 0.0618896484375 34334
1 0.04296875 60346
0 0.082763671875 17497
0 0.1077880859375 40043
1 0.11279296875 65784
1 0.0902099609375 36589
1 0.0880126953125 56396
1 0.0023193359375 37828
1 0.057373046875 94954
1 0.03076171875 8555
1 0.0751953125 87916
0 0.0755615234375 61851
1 0.041015625 40308
0 0.010498046875 29128
0 0.09765625 32238
35425000
8
18
0 0.028564453125 73912
0 0.0496826171875 76295
0 0.0128173828125 90268
1 0.0284423828125 57734
1 0.058837890625 21361
0 0.002197265625 82956
0 0.06787109375 77110
0 0.087890625 21284
0 0.066650390625 64642
1 0.04150390625 93865
0 0.1026611328125 96623
0 0.100341796875 45212
1 0.027587890625 26447
1 0.061767578125 19499
0 0.0335693359375 16908
1 0.0018310546875 87741
0 0.115966796875 92354
1 0.0859375 73557
55722000
3
20
1 0.092529296875 39935
1 0.00634765625 75837
1 0.1236572265625 89532
0 0.0557861328125 81912
0 0.0887451171875 88396
0 0.080322265625 29661
1 0.0819091796875 80608
0 0.1119384765625 67041
0 0.0037841796875 14958
1 0.025146484375 7494
1 0.024658203125 7086
1 0.080322265625 74913
1 0.0701904296875 36627
0 0.026123046875 88958
1 0.039306640625 52144
1 0.108154296875 40889
1 0.06201171875 15157
0 0.0057373046875 76787
1 0.0521240234375 69707
1 0.0748291015625 46143
89253000
8
10
1 0.0133056640625 69754
0 0.108642578125 60682
1 0.0162353515625 31083
1 0.052001953125 26641
1 0.0084228515625 41910
0 0.114990234375 88892
1 0.0374755859375 17647
0 0.076171875 23740
1 0.1092529296875 65209
1 0.012451171875 52876
5413000
9
15
0 0.0357666015625 56379
1 0.07568359375 41118
0 0.0660400390625 98489
0 0.09912109375 77347
0 0.006591796875 39342
0 0.030029296875 11721
0 0.08642578125 12144
1 0.026611328125 72172
1 0.0352783203125 24313
1 0.0968017578125 70200
0 0.103759765625 95715
0 0.003173828125 84502
1 0.0875244140625 25641
0 0.071533203125 26666
1 0.1094970703125 84652
90271000
9
19
0 0.0633544921875 40220
1 0.010498046875 641
1 0.0013427734375 38141
1 0.021484375 72763
1 0.1109619140625 48166
0 0.0213623046875 21186
0 0.0975341796875 88989
1 0.1231689453125 39791
0 0.053466796875 57533
0 0.006103515625 35862
0 0.012451171875 49996
0 0.0526123046875 56879
1 0.119140625 98152
1 0.029541015625 62922
0 0.0340576171875 99653
1 0.1009521484375 17248
1 0.104248046875 27267
1 0.03564453125 96657
0 0.073486328125 79027
83700000
9
16
0 0.0091552734375 41937
0 0.031494140625 40400
0 0.06201171875 64259
1 0.093994140625 79238
1 0.0390625 69862
0 0.021728515625 56471
1 0.0989990234375 91732
0 0.0872802734375 18601
1 0.1011962890625 97825
1 0.121337890625 73806
1 0.1075439453125 57395
1 0.0643310546875 17682
0 0.090087890625 51716
1 0.0794677734375 92273
1 0.0469970703125 60146
0 0.0867919921875 37350
55879000
8
11
1 0.1114501953125 97888
0 0.060791015625 10031
0 0.0042724609375 73510
1 0.003662109375 5804
1 0.0404052734375 29223
1 0.12255859375 61161
1 0.08251953125 64735
1 0.1204833984375 13545
0 0.120849609375 22770
0 0.110107421875 14311
0 0.0360107421875 90591
59296000
9
13
1 0.10888671875 52522
1 0.0006103515625 2991
0 0.0093994140625 77202
0 0.123291015625 69021
1 0.0101318359375 19245
1 0.0924072265625 7391
1 0.1153564453125 3235
1 0.0220947265625 45956
0 0.0416259765625 20611
0 0.0628662109375 94020
0 0.0654296875 17615
1 0.0767822265625 4788
1 0.0928955078125 55630
95888000
10
14
0 0.106689453125 2360
1 0.0574951171875 59139
1 0.0806884765625 3030
1 0.02587890625 56281
1 0.0723876953125 7716
0 0.032470703125 15491
0 0.0147705078125 70190
0 0.050537109375 58310
1 0.115234375 89313
0 0.0543212890625 51608
0 0.0137939453125 52789
0 0.072509765625 40862
0 0.0177001953125 29407
1 0.11181640625 35239
78266000
10
10
1 0.079345703125 50772
1 0.044921875 89895
1 0.109130859375 29282
0 0.110107421875 45601
0 0.0802001953125 84234
1 0.04931640625 33143
0 0.017578125 77019
0 0.087890625 29111
0 0.0335693359375 4752
1 0.1068115234375 40844
34196000
3
20
0 0.0670166015625 47549
1 0.0927734375 51116
1 0.009765625 80729
0 0.01513671875 28643
1 0.1016845703125 22548
1 0.0487060546875 90578
0 0.03369140625 6762
0 0.106689453125 27108
0 0.0638427734375 50467
1 0.0435791015625 49644
0 0.1007080078125 58983
0 0.094970703125 70037
1 0.046142578125 11942
1 0.1004638671875 22495
0 0.0704345703125 12067
1 0.1065673828125 11024
1 0.090576171875 47404
0 0.013671875 55940
0 0.0828857421875 58292
1 0.1094970703125 76603
54904000
3
11
1 0.0908203125 90144
1 0.0133056640625 21447
0 0.124755859375 16647
1 0.0697021484375 45897
0 0.041015625 99123
1 0.0797119140625 85440
1 0.0587158203125 30901
0 0.059814453125 90411
0 0.104736328125 51373
1 0.09130859375 23338
1 0.1114501953125 92026
96967000
7
11
1 0.007080078125 50809
0 0.086669921875 32704
1 0.0545654296875 6483
0 0.0814208984375 1695
1 0.1004638671875 4565
1 0.028076171875 75413
1 0.0965576171875 95852
1 0.0789794921875 2161
1 0.008056640625 15540
1 0.1160888671875 64195
1 0.0164794921875 64142
16201000
9
13
1 0.00244140625 62989
0 0.0367431640625 77113
1 0.0682373046875 32529
0 0.0203857421875 83335
1 0.015625 71159
0 0.01806640625 93444
1 0.0406494140625 53526
0 0.0250244140625 79096
1 0.087158203125 60302
0 0.1064453125 85231
0 0.088134765625 64494
1 0.0020751953125 1683
1 0.009033203125 90839
72916000
3
16
1 0.0198974609375 24797
1 0.086181640625 84736
0 0.0125732421875 59464
0 0.074951171875 63201
0 0.0694580078125 9295
1 0.0657958984375 28858
1 0.041015625 13722
1 0.0340576171875 99717
1 0.0712890625 47172
0 0.022705078125 79369
1 0.1099853515625 74208
0 0.031005859375 79300
1 0.07373046875 97378
0 0.1204833984375 37407
1 0.0352783203125 4297
1 0.1148681640625 78992
3418000
10
19
1 0.013671875 67975
1 0.08544921875 24838
0 0.114013671875 79361
0 0.0633544921875 65946
0 0.0849609375 33723
0 0.10400390625 58701
0 0.0457763671875 16965
1 0.012451171875 98625
1 0.0076904296875 98313
1 0.056884765625 33460
1 0.0064697265625 39564
1 0.068115234375 95501
0 0.088134765625 42704
1 0.044921875 42460
1 0.0120849609375 95665
1 0.087890625 8054
1 0.0224609375 45142
1 0.0792236328125 7145
1 0.0341796875 76429
31432000
7
11
1 0.0198974609375 70638
0 0.0220947265625 55814
0 0.057861328125 47219
0 0.0079345703125 12309
0 0.027099609375 57268
1 0.038818359375 21760
1 0.0645751953125 62526
1 0.1240234375 12115
1 0.0391845703125 96559
1 0.0421142578125 90399
0 0.0030517578125 24906
3036000
6
11
1 0.0008544921875 34916
0 0.0445556640625 51866
0 0.08740234375 71987
1 0.08984375 53936
0 0.0006103515625 88308
0 0.0877685546875 94546
1 0.0247802734375 66813
0 0.0830078125 16582
1 0.0880126953125 70859
0 0.015625 56469
1 0.0247802734375 28610
15321000
10
20
0 0.056640625 10515
1 0.064208984375 3884
1 0.025634765625 79776
0 0.0821533203125 31712
1 0.0792236328125 16110
0 0.07470703125 19107
0 0.081298828125 34560
0 0.0545654296875 53616
0 0.1224365234375 4482
0 0.09716796875 25562
1 0.063720703125 22373
1 0.103759765625 20899
1 0.0950927734375 32726
1 0.1202392578125 47719
1 0.0965576171875 2567
1 0.07373046875 52227
1 0.11181640625 46642
0 0.1099853515625 18594
0 0.0721435546875 26105
1 0.0130615234375 19783
5452000
7
12
1 0.076171875 36937
0 0.1204833984375 2498
1 0.023681640625 36852
0 0.0596923828125 83025
1 0.1229248046875 24686
1 0.0201416015625 72897
0 0.1068115234375 8703
1 0.0157470703125 23843
1 0.0091552734375 87949
1 0.0509033203125 77745
0 0.0196533203125 55342
1 0.0738525390625 43434
85043000
4
18
1 0.0172119140625 22644
0 0.02587890625 99575
1 0.0469970703125 21995
1 0.0968017578125 90777
0 0.0062255859375 52122
1 0.0711669921875 66522
0 0.0203857421875 35025
0 0.115478515625 46467
0 0.1234130859375 33446
0 0.0675048828125 20033
1 0.0135498046875 71939
0 0.01806640625 29452
0 0.0625 66205
1 0.0286865234375 93664
1 0.0970458984375 99987
1 0.0662841796875 21768
1 0.034423828125 53784
1 0.0045166015625 35970
23224000
9
15
0 0.091552734375 16362
1 0.0242919921875 52192
1 0.093017578125 93775
1 0.1114501953125 28922
1 0.0804443359375 29499
0 0.1119384765625 37097
1 0.0731201171875 60579
1 0.1248779296875 19654
0 0.0870361328125 9860
0 0.09326171875 9590
0 0.0032958984375 35790
0 0.0928955078125 5196
0 0.118896484375 68213
0 0.0286865234375 50759
1 0.081787109375 74770
19054000
7
10
0 0.0311279296875 40106
1 0.0189208984375 14248
0 0.005615234375 71875
0 0.03125 13298
1 0.0435791015625 55508
1 0.07958984375 47859
0 0.0499267578125 1143
0 0.02099609375 29825
0 0.1024169921875 42589
0 0.0206298828125 66632
59466000
3
13
0 0.0982666015625 27538
1 0.0067138671875 43346
1 0.011962890625 93237
0 0.0093994140625 27511
0 0.0550537109375 7318
0 0.0404052734375 44681
1 0.073486328125 14542
1 0.0347900390625 64969
0 0.04052734375 35941
0 0.067138671875 90902
1 0.0384521484375 88655
0 0.0782470703125 5015
0 0.043701171875 68458
99576000
9
12
0 0.1107177734375 72926
1 0.0762939453125 69816
1 0.0018310546875 89443
0 0.05419921875 74967
0 0.0999755859375 23649
1 0.0333251953125 60822
0 0.0189208984375 65601
1 0.0362548828125 54351
1 0.0777587890625 92975
1 0.0147705078125 44661
1 0.00830078125 14480
1 0.0755615234375 49308
76757000
4
12
1 0.077880859375 12926
1 0.088623046875 28820
1 0.0301513671875 6340
0 0.0462646484375 20694
1 0.0281982421875 57199
0 0.1126708984375 80785
0 0.0208740234375 88561
1 0.088134765625 12171
1 0.12109375 70370
0 0.06884765625 78048
1 0.047607421875 94884
1 0.017822265625 77631
66756000
4
11
0 0.0391845703125 25030
1 0.1131591796875 93175
1 0.019775390625 5915
1 0.052490234375 29936
1 0.0933837890625 46355
1 0.0926513671875 46941
0 0.0020751953125 71689
0 0.0521240234375 81340
1 0.0909423828125 44552
0 0.0635986328125 96418
1 0.0855712890625 72619
15790000
7
14
0 0.082275390625 3494
0 0.051513671875 98303
1 0.0025634765625 3948
0 0.0081787109375 8350
1 0.033935546875 31399
0 0.0201416015625 51321
1 0.097900390625 39485
1 0.0718994140625 11315
1 0.0592041015625 18091
0 0.07666015625 11542
0 0.052978515625 95874
0 0.0810546875 9668
1 0.123046875 92348
0 0.0557861328125 71300
85175000
4
19
0 0.01318359375 98570
0 0.0810546875 63740
0 0.0418701171875 99833
0 0.0289306640625 66804
0 0.0689697265625 10635
0 0.1214599609375 70706
0 0.055908203125 80169
0 0.0281982421875 15384
1 0.119140625 22300
0 0.123291015625 21750
0 0.022705078125 40349
0 0.06884765625 33757
0 0.060546875 67346
1 0.1021728515625 78720
1 0.0267333984375 79060
1 0.0858154296875 72782
0 0.0301513671875 98909
0 0.0540771484375 86773
0 0.027587890625 87325
89178000
8
11
1 0.1007080078125 38882
0 0.108642578125 48040
0 0.0150146484375 84759
1 0.0794677734375 31025
0 0.0753173828125 33158
1 0.0640869140625 95734
0 0.0565185546875 8806
0 0.00830078125 7032
0 0.0045166015625 62161
1 0.1077880859375 4810
0 0.0374755859375 61086
15466000
8
14
1 0.0732421875 51797
1 0.0540771484375 91295
1 0.0072021484375 93021
1 0.10009765625 82296
0 0.10986328125 50915
0 0.111328125 95326
1 0.076171875 49776
0 0.0059814453125 28333
0 0.0482177734375 3406
0 0.0911865234375 73150
1 0.033447265625 14870
1 0.09423828125 89972
0 0.064453125 33010
1 0.1114501953125 35996
85909000
4
10
1 0.0439453125 24658
0 0.0955810546875 99048
1 0.055908203125 52272
1 0.0003662109375 37321
0 0.029052734375 19619
1 0.11279296875 95965
1 0.0260009765625 85459
0 0.0557861328125 72881
1 0.0931396484375 57458
1 0.0784912109375 23819
92839000
7
16
0 0.013916015625 73677
0 0.0848388671875 37405
1 0.0257568359375 71998
1 0.102294921875 91303
1 0.0843505859375 362
0 0.0899658203125 9670
0 0.087890625 67078
0 0.0970458984375 4674
1 0.07177734375 43549
1 0.0966796875 14255
0 0.065185546875 7545
1 0.000244140625 78948
0 0.06298828125 69948
0 0.1160888671875 95052
1 0.0037841796875 86976
0 0.03125 64298
59694000
5
17
1 0.058837890625 28638
0 0.1107177734375 42667
1 0.0166015625 53255
1 0.115966796875 87348
0 0.01953125 44609
0 0.064208984375 10924
0 0.1207275390625 70804
1 0.0889892578125 35253
1 0.1087646484375 29290
1 0.0592041015625 63307
0 0.081787109375 47657
1 0.097412109375 34613
1 0.08203125 31005
0 0.080322265625 14753
0 0.076416015625 18775
0 0.0706787109375 77575
1 0.0904541015625 54910
74015000
8
17
1 0.111572265625 39283
0 0.05517578125 95228
0 0.0960693359375 16058
1 0.0953369140625 83704
0 0.1212158203125 71273
1 0.0479736328125 29954
1 0.0064697265625 25655
0 0.0989990234375 47519
1 0.1058349609375 2602
1 0.0418701171875 25477
0 0.03759765625 36280
0 0.0347900390625 23604
1 0.04345703125 61704
0 0.0054931640625 52414
1 0.0999755859375 80258
1 0.075927734375 92503
1 0.0777587890625 36039
20040000
9
16
0 0.010009765625 3895
0 0.003173828125 55203
1 0.0299072265625 34706
1 0.0577392578125 74125
1 0.063720703125 4103
0 0.0423583984375 45494
0 0.0865478515625 6357
1 0.0009765625 3066
1 0.0648193359375 46183
1 0.04833984375 6738
1 0.0172119140625 17345
1 0.020263671875 72941
0 0.054931640625 40686
0 0.1011962890625 65985
1 0.0606689453125 8806
0 0.0826416015625 64974
36686000
6
12
1 0.05810546875 76915
1 0.069580078125 28093
1 0.111083984375 11230
1 0.101318359375 97692
1 0.01416015625 62417
1 0.000244140625 42407
1 0.0128173828125 85511
1 0.117431640625 58958
0 0.0926513671875 64684
1 0.0517578125 59385
0 0.0606689453125 46873
0 0.12158203125 68653
26669000
3
15
0 0.00830078125 32687
0 0.012939453125 84305
0 0.0440673828125 61140
1 0.0087890625 62987
0 0.077880859375 9273
0 0.101318359375 31365
1 0.064697265625 26154
1 0.050048828125 57875
1 0.06494140625 69713
0 0.0029296875 40193
1 0.0550537109375 67872
0 0.0662841796875 96920
0 0.0479736328125 54963
0 0.1158447265625 68822
0 0.05615234375 51895
18790000
4
16
1 0.1240234375 76999
1 0.0836181640625 82071
1 0.1153564453125 22181
1 0.018310546875 30310
0 0.093017578125 57702
0 0.0989990234375 80807
0 0.0618896484375 42323
0 0.000732421875 70245
0 0.0201416015625 35388
1 0.06103515625 25511
1 0.0225830078125 5817
0 0.0277099609375 21744
0 0.1195068359375 67731
0 0.0931396484375 11506
1 0.1092529296875 23278
0 0.0391845703125 83629
74597000
8
12
0 0.1202392578125 29976
0 0.059326171875 17469
0 0.0452880859375 97399
0 0.08642578125 38381
0 0.0440673828125 49670
0 0.0609130859375 95030
1 0.0802001953125 90527
0 0.1046142578125 70201
0 0.06982421875 75085
1 0.029052734375 50741
0 0.1126708984375 87823
1 0.1114501953125 30307
55741000
7
16
1 0.1044921875 11774
1 0.0966796875 62765
0 0.125 46366
1 0.069580078125 70115
1 0.0159912109375 79567
0 0.085205078125 12829
0 0.095703125 8638
1 0.0458984375 48896
0 0.05810546875 9490
1 0.107421875 79676
1 0.0723876953125 50902
1 0.0838623046875 24132
1 0.0302734375 86019
1 0.0540771484375 25145
0 0.0677490234375 92208
1 0.060546875 51851
66723000
10
10
1 0.04833984375 36858
0 0.04931640625 15980
0 0.1094970703125 70186
0 0.0093994140625 15070
1 0.03369140625 40480
0 0.0440673828125 47017
0 0.08154296875 87384
1 0.058349609375 52753
0 0.0579833984375 24056
0 0.0928955078125 24619
59519000
6
19
1 0.0816650390625 6609
0 0.0078125 40367
0 0.063720703125 15338
1 0.008544921875 75359
1 0.107666015625 96999
1 0.0498046875 59854
1 0.0496826171875 49187
1 0.040283203125 15604
0 0.1072998046875 18891
1 0.096923828125 16858
0 0.0521240234375 15298
1 0.115478515625 98474
0 0.0867919921875 11814
1 0.01611328125 60437
1 0.0311279296875 78949
0 0.101806640625 78923
1 0.0013427734375 32324
1 0.0506591796875 33775
1 0.1131591796875 91299
87523000
5
17
1 0.010498046875 25832
0 0.0885009765625 78964
0 0.07568359375 21151
1 0.0693359375 21647
1 0.0025634765625 91505
0 0.1163330078125 54536
0 0.025634765625 78609
0 0.091064453125 26818
0 0.0626220703125 52674
0 0.0792236328125 17726
1 0.0347900390625 29478
0 0.0205078125 40673
1 0.0606689453125 98011
1 0.054443359375 89468
1 0.0897216796875 51914
0 0.03125 72473
0 0.026123046875 49286
31042000
6
16
0 0.109375 1534
1 0.000244140625 67059
0 0.04150390625 1034
0 0.03857421875 95190
0 0.0113525390625 40482
1 0.0816650390625 54539
0 0.0352783203125 3934
1 0.088623046875 43184
1 0.0255126953125 37079
1 0.01611328125 96165
1 0.1175537109375 43221
1 0.052734375 12897
0 0.1243896484375 80574
0 0.050537109375 73420
0 0.0848388671875 54435
0 0.08154296875 60196
55564000
5
12
1 0.048095703125 70138
0 0.0830078125 41600
1 0.066162109375 73130
0 0.1131591796875 58209
0 0.1064453125 52430
0 0.056396484375 71913
0 0.0587158203125 12199
1 0.0902099609375 98922
0 0.0364990234375 87676
1 0.0914306640625 76281
1 0.030029296875 3691
0 0.124267578125 86999
71154000
9
11
0 0.0078125 28208
1 0.0550537109375 7335
0 0.014892578125 86301
0 0.124755859375 81625
1 0.08740234375 56293
1 0.0001220703125 42725
1 0.11376953125 59817
0 0.091064453125 41037
0 0.0679931640625 15096
0 0.087646484375 72495
1 0.0963134765625 8240
40602000
3
16
0 0.1168212890625 90902
1 0.0770263671875 8264
0 0.1142578125 28035
0 0.0333251953125 65018
1 0.07470703125 15594
1 0.027099609375 61073
0 0.0068359375 1098
0 0.012939453125 56671
0 0.0443115234375 60611
0 0.0499267578125 928
0 0.073974609375 34857
1 0.0068359375 70313
1 0.07080078125 25113
1 0.0177001953125 25791
1 0.1036376953125 64579
0 0.0673828125 87105
67477000
5
17
1 0.067138671875 52581
0 0.071044921875 18021
1 0.0057373046875 78973
0 0.008056640625 48647
0 0.099853515625 87966
0 0.0040283203125 79393
0 0.0162353515625 8903
1 0.012451171875 7721
0 0.0721435546875 7981
1 0.0377197265625 62878
1 0.037841796875 7616
1 0.068603515625 87384
1 0.113037109375 13609
1 0.0537109375 75979
1 0.0704345703125 61755
0 0.0482177734375 37430
0 0.0189208984375 41532
