60
34471000
3
13
0 0.052978515625 58025
1 0.053466796875 36883
1 0.0308837890625 9522
0 0.0628662109375 51569
0 0.0863037109375 29750
0 0.0697021484375 95709
1 0.0438232421875 6728
0 0.078125 80926
1 0.114990234375 75170
0 0.00439453125 82323
0 0.091552734375 44481
0 0.033935546875 19722
0 0.0802001953125 87613
23811000
6
19
1 0.065185546875 45486
1 0.0941162109375 65874
1 0.095458984375 97737
1 0.1246337890625 26871
1 0.026123046875 5335
0 0.014892578125 59785
0 0.101806640625 17702
1 0.1075439453125 51768
0 0.04541015625 57605
1 0.010986328125 49384
0 0.047607421875 99262
0 0.0233154296875 610
1 0.0189208984375 12258
1 0.0975341796875 30943
1 0.0494384765625 44794
1 0.0650634765625 57383
1 0.06298828125 15548
1 0.041259765625 33917
1 0.0640869140625 69221
57941000
3
10
1 0.022705078125 79608
0 0.0235595703125 80402
0 0.0811767578125 56721
1 0.0771484375 26415
1 0.084716796875 25026
0 0.039794921875 10850
0 0.033935546875 41857
0 0.024658203125 19450
0 0.114501953125 9291
1 0.0152587890625 10402
5047000
7
15
1 0.0462646484375 41681
1 0.0941162109375 10610
1 0.0576171875 11592
1 0.0250244140625 69495
1 0.0252685546875 13707
1 0.0732421875 21449
0 0.0618896484375 1666
1 0.1217041015625 78953
0 0.018310546875 12165
1 0.0875244140625 87907
1 0.0106201171875 50633
1 0.0489501953125 42099
0 0.0303955078125 73878
1 0.06884765625 47907
1 0.1181640625 67607
57560000
10
16
1 0.0423583984375 22078
0 0.1151123046875 71932
0 0.061767578125 7514
0 0.10009765625 91770
0 0.0499267578125 59866
1 0.11865234375 84270
1 0.0751953125 23350
1 0.079345703125 30365
1 0.11669921875 88807
0 0.107421875 26930
0 0.076171875 94562
1 0.0928955078125 65003
0 0.059326171875 58571
0 0.0545654296875 68799
1 0.1141357421875 61427
0 0.0418701171875 88723
46507000
10
18
1 0.059326171875 40193
1 0.0372314453125 5793
0 0.019287109375 88451
0 0.03662109375 29917
0 0.0516357421875 14470
1 0.0767822265625 117
0 0.0206298828125 54585
0 0.0997314453125 25355
0 0.052490234375 40026
0 0.0460205078125 49631
0 0.0994873046875 32476
1 0.094482421875 2927
0 0.075439453125 94020
0 0.098388671875 54362
1 0.057373046875 96445
1 0.0869140625 19995
1 0.06005859375 12394
1 0.0806884765625 97160
11923000
5
16
1 0.0225830078125 68576
0 0.0457763671875 54373
1 0.0428466796875 31629
1 0.1031494140625 3038
0 0.090087890625 57532
1 0.0689697265625 75924
1 0.0782470703125 26603
1 0.1195068359375 40647
0 0.0994873046875 1254
0 0.0794677734375 19100
0 0.0953369140625 19543
1 0.01708984375 1668
0 0.1248779296875 13413
0 0.093994140625 1356
0 0.07568359375 23946
0 0.10302734375 39984
78727000
8
14
1 0.047119140625 89667
0 0.09619140625 35628
1 0.01806640625 62287
0 0.080810546875 67253
1 0.04833984375 61801
1 0.1009521484375 48722
1 0.0677490234375 79363
0 0.083251953125 11316
0 0.05859375 49435
1 0.041748046875 74045
0 0.028076171875 13655
1 0.00732421875 97161
0 0.095947265625 1811
0 0.0335693359375 72492
80342000
8
16
1 0.0799560546875 28232
1 0.0211181640625 21374
1 0.1171875 11192
0 0.062255859375 74524
1 0.095947265625 3120
0 0.0501708984375 55498
1 0.0933837890625 44660
0 0.0968017578125 37724
1 0.085205078125 29309
1 0.0233154296875 86716
0 0.059326171875 7622
1 0.1072998046875 87960
0 0.0506591796875 88379
0 0.0185546875 20442
1 0.0635986328125 71966
1 0.070068359375 74203
78686000
7
13
0 0.07275390625 80683
1 0.05126953125 56046
0 0.01611328125 88561
1 0.0185546875 46774
1 0.027099609375 52728
0 0.044677734375 56728
1 0.0831298828125 70271
1 0.09326171875 32915
0 0.1143798828125 88214
0 0.067138671875 16634
0 0.0029296875 95208
0 0.09228515625 5220
0 0.0699462890625 22011
10469000
3
11
0 0.0191650390625 22078
0 0.081298828125 56302
1 0.0679931640625 60958
0 0.079345703125 10784
0 0.0384521484375 43184
0 0.0806884765625 90207
0 0.07373046875 20376
0 0.07275390625 47200
0 0.087890625 58200
0 0.0567626953125 63721
0 0.0247802734375 85642
46648000
6
19
1 0.0494384765625 51754
0 0.0887451171875 53221
1 0.0062255859375 59093
1 0.1090087890625 16503
0 0.055419921875 1179
0 0.124267578125 52024
0 0.0828857421875 54492
0 0.12060546875 39301
0 0.0521240234375 25153
1 0.017578125 22901
0 0.1231689453125 67233
0 0.0164794921875 89662
0 0.0958251953125 69500
0 0.0186767578125 65864
0 0.0311279296875 62491
0 0.123779296875 74415
1 0.119384765625 90979
0 0.0799560546875 90599
1 0.1019287109375 25154
19658000
6
10
1 0.0723876953125 73892
1 0.044189453125 33811
0 0.100341796875 89189
0 0.033203125 67634
0 0.1175537109375 35012
0 0.1072998046875 95137
0 0.0643310546875 78068
1 0.064208984375 1479
0 0.09228515625 85710
1 0.09521484375 26639
98942000
3
19
0 0.072265625 54663
0 0.100341796875 51460
1 0.0797119140625 60590
1 0.0382080078125 17802
0 0.0224609375 13032
1 0.0302734375 33503
1 0.0084228515625 44575
1 0.1231689453125 56904
0 0.0648193359375 38683
1 0.0660400390625 12304
1 0.0999755859375 46204
0 0.0120849609375 54435
1 0.001708984375 31146
1 0.0810546875 79038
1 0.12060546875 62908
0 0.00244140625 38243
0 0.06884765625 19700
1 0.08056640625 6013
0 0.0057373046875 22997
78460000
3
12
0 0.0272216796875 9625
0 0.0157470703125 59670
0 0.0849609375 12280
0 0.050537109375 81839
1 0.117919921875 98023
0 0.025146484375 31848
0 0.0550537109375 27951
1 0.0682373046875 81674
0 0.0643310546875 75671
0 0.0625 11213
1 0.06787109375 57820
1 0.0140380859375 56972
10450000
7
14
1 0.036865234375 67808
1 0.0152587890625 1320
0 0.1053466796875 40578
1 0.0555419921875 89707
0 0.019287109375 11234
0 0.1182861328125 75412
1 0.001953125 40617
0 0.0911865234375 91094
0 0.04345703125 66440
1 0.03955078125 29171
1 0.0028076171875 96482
0 0.0146484375 21502
0 0.11962890625 87954
1 0.0386962890625 31460
5314000
7
18
1 0.06689453125 85500
1 0.0550537109375 61744
1 0.07958984375 61329
0 0.067626953125 23552
1 0.010498046875 8771
1 0.0048828125 69319
1 0.0399169921875 12928
0 0.1138916015625 18429
1 0.0167236328125 71235
0 0.087646484375 36036
1 0.0472412109375 32030
0 0.0404052734375 85326
0 0.01025390625 94476
0 0.0841064453125 89757
0 0.000732421875 11198
0 0.0352783203125 28560
0 0.03759765625 82515
1 0.0860595703125 19537
15829000
4
10
0 0.07861328125 28429
0 0.10986328125 30782
0 0.0535888671875 90986
0 0.06787109375 35753
1 0.0870361328125 46881
0 0.07861328125 60522
1 0.0289306640625 86962
0 0.1102294921875 76722
1 0.0440673828125 28448
1 0.0128173828125 29780
73640000
7
20
1 0.0465087890625 99392
1 0.0274658203125 63480
0 0.025146484375 12885
1 0.0523681640625 71572
1 0.0128173828125 26454
1 0.0489501953125 68653
0 0.0133056640625 57434
0 0.0382080078125 87060
1 0.105712890625 33920
1 0.08056640625 97869
0 0.0947265625 51868
0 0.0120849609375 96726
1 0.0362548828125 91126
0 0.0426025390625 26285
0 0.00830078125 82452
1 0.089599609375 72447
0 0.0238037109375 72664
0 0.0128173828125 61623
1 0.076171875 84115
0 0.079833984375 35536
68292000
3
12
1 0.076416015625 23599
1 0.0283203125 2355
0 0.0045166015625 85011
1 0.1148681640625 10388
0 0.0072021484375 60795
0 0.0924072265625 56989
1 0.042236328125 20236
0 0.0355224609375 73030
0 0.0654296875 45567
1 0.0084228515625 60957
1 0.110595703125 67299
0 0.0943603515625 1766
74449000
10
11
0 0.1121826171875 83332
1 0.0784912109375 49061
1 0.0338134765625 14109
0 0.0318603515625 38479
1 0.0389404296875 27576
1 0.025390625 16174
0 0.0670166015625 7003
1 0.1053466796875 85751
1 0.035888671875 50261
0 0.023193359375 9973
0 0.013916015625 62191
94707000
4
20
0 0.0501708984375 24985
0 0.0321044921875 82645
0 0.0684814453125 75072
1 0.0743408203125 44298
0 0.102294921875 66185
0 0.0916748046875 75734
0 0.0152587890625 15452
1 0.013916015625 37029
0 0.0274658203125 76350
0 0.115234375 7426
1 0.1175537109375 87676
1 0.0947265625 75387
0 0.0296630859375 33948
0 0.10888671875 17848
0 0.0986328125 8930
1 0.067626953125 64009
0 0.04296875 45453
1 0.041748046875 41947
1 0.0465087890625 68384
1 0.0836181640625 88624
91200000
9
18
0 0.09716796875 48884
0 0.11083984375 70798
1 0.0491943359375 98622
0 0.0098876953125 68802
0 0.0172119140625 40012
0 0.044189453125 32509
1 0.0574951171875 67496
0 0.0380859375 74608
1 0.1156005859375 49977
1 0.0718994140625 73387
0 0.1146240234375 79433
0 0.1153564453125 57459
0 0.0487060546875 86777
1 0.10986328125 45153
1 0.01318359375 65914
0 0.0775146484375 670
1 0.100341796875 93635
1 0.1004638671875 78679
79070000
7
12
0 0.0517578125 67232
0 0.015869140625 8725
0 0.013671875 74849
1 0.123779296875 81119
1 0.0726318359375 85777
1 0.024169921875 24419
0 0.0423583984375 17016
1 0.115966796875 37056
1 0.00341796875 45619
0 0.027099609375 3415
0 0.056640625 67663
1 0.0052490234375 82965
84965000
5
11
0 0.049072265625 37194
1 0.0511474609375 73377
0 0.120361328125 88982
1 0.0352783203125 44595
0 0.005859375 9196
1 0.02685546875 14689
1 0.012939453125 17021
0 0.0069580078125 89771
1 0.07568359375 4894
0 0.0771484375 33125
0 0.0745849609375 40431
82796000
5
13
0 0.0625 91170
1 0.0545654296875 70508
1 0.0911865234375 48561
0 0.1025390625 74280
0 0.009521484375 13371
0 0.101806640625 35606
1 0.0218505859375 65511
1 0.0584716796875 98972
1 0.0341796875 37197
0 0.051513671875 26481
1 0.070068359375 88598
1 0.029541015625 77961
0 0.0013427734375 39097
47322000
8
10
1 0.010009765625 28042
0 0.0487060546875 12805
0 0.0833740234375 99546
0 0.0703125 80999
0 0.0841064453125 24317
0 0.0450439453125 74005
0 0.0120849609375 8520
1 0.0762939453125 65901
1 0.071533203125 66405
0 0.0810546875 4054
78823000
4
15
1 0.0689697265625 50275
1 0.1153564453125 77847
0 0.12451171875 25147
1 0.0155029296875 94265
1 0.029541015625 46901
1 0.071044921875 69451
1 0.080078125 84971
0 0.1231689453125 66191
0 0.04052734375 93401
0 0.0198974609375 72013
0 0.052734375 32103
0 0.0498046875 1961
1 0.000244140625 46692
1 0.0689697265625 50826
0 0.1114501953125 8012
40357000
5
18
0 0.0887451171875 83750
1 0.112060546875 24657
1 0.1041259765625 52966
1 0.1156005859375 83134
0 0.1138916015625 89804
1 0.003173828125 41018
0 0.035400390625 80662
0 0.0882568359375 37659
0 0.021728515625 11010
0 0.048583984375 80347
1 0.0185546875 17505
0 0.0411376953125 66845
0 0.08935546875 78472
1 0.001220703125 1594
0 0.0377197265625 80358
0 0.1182861328125 88402
0 0.0408935546875 62655
0 0.0865478515625 7768
71349000
10
20
1 0.0963134765625 78411
1 0.0697021484375 29140
1 0.0751953125 85570
0 0.0721435546875 72565
0 0.03662109375 88774
0 0.029541015625 48568
0 0.0440673828125 13435
0 0.0570068359375 46362
0 0.121337890625 5050
0 0.018798828125 8197
1 0.05810546875 68219
1 0.094482421875 83204
0 0.08740234375 80349
0 0.044189453125 2588
0 0.112548828125 80313
0 0.00390625 40483
0 0.1212158203125 28872
1 0.0025634765625 29275
0 0.0283203125 88543
1 0.0462646484375 26237
12522000
4
13
0 0.0556640625 71911
1 0.04296875 6334
1 0.0135498046875 63754
0 0.056640625 84400
0 0.089599609375 92194
1 0.033203125 3051
0 0.00146484375 13354
1 0.1175537109375 88546
1 0.1231689453125 41022
1 0.1204833984375 94351
1 0.05810546875 92776
0 0.10498046875 43496
0 0.0892333984375 80415
2076000
3
17
1 0.06103515625 38725
1 0.0001220703125 66635
0 0.0821533203125 81579
0 0.0914306640625 2005
1 0.0318603515625 46521
1 0.1153564453125 21229
1 0.11328125 71193
1 0.042724609375 57243
1 0.0020751953125 16736
1 0.0997314453125 21519
0 0.1204833984375 163
1 0.0970458984375 29616
1 0.0029296875 30926
0 0.1153564453125 19435
0 0.1070556640625 61633
1 0.10107421875 27445
0 0.024169921875 77674
87158000
5
15
0 0.0401611328125 62291
0 0.0152587890625 24285
0 0.10498046875 56069
1 0.068603515625 39020
1 0.0986328125 45468
0 0.098876953125 16909
0 0.0826416015625 25200
1 0.00341796875 18011
1 0.0469970703125 92377
1 0.0587158203125 11299
1 0.0938720703125 68532
0 0.113525390625 22069
0 0.073486328125 75324
0 0.072998046875 77868
0 0.1075439453125 37664
78291000
10
14
0 0.086669921875 33962
0 0.053466796875 50070
1 0.0494384765625 41494
0 0.1160888671875 84298
1 0.0357666015625 67885
1 0.06103515625 75716
1 0.030029296875 17300
0 0.0924072265625 55005
1 0.06298828125 53533
0 0.0960693359375 99036
1 0.0269775390625 88260
1 0.0506591796875 51732
0 0.0399169921875 6342
0 0.073974609375 35465
9060000
3
17
1 0.0704345703125 17041
1 0.0498046875 4576
0 0.0533447265625 89083
1 0.07373046875 86113
0 0.121826171875 30253
1 0.08447265625 12681
0 0.072509765625 38992
1 0.1026611328125 54715
0 0.031494140625 50470
0 0.0794677734375 857
1 0.06591796875 62231
0 0.07421875 475
0 0.0179443359375 95141
1 0.1070556640625 27026
1 0.0733642578125 94194
1 0.064697265625 84872
0 0.0023193359375 86109
47525000
5
15
1 0.02001953125 31959
1 0.044677734375 43045
1 0.1094970703125 87050
1 0.09326171875 11110
1 0.0096435546875 81937
1 0.0115966796875 2688
1 0.06396484375 23210
1 0.111328125 11474
0 0.0362548828125 28597
0 0.0792236328125 70716
0 0.0784912109375 83094
0 0.0421142578125 60554
0 0.0833740234375 49075
0 0.0968017578125 12520
0 0.1116943359375 78501
4930000
5
18
0 0.1229248046875 45695
0 0.1063232421875 72545
0 0.0201416015625 99091
0 0.035400390625 42035
0 0.1038818359375 9890
0 0.0361328125 48635
0 0.0267333984375 20622
0 0.037841796875 88233
1 0.119873046875 21164
0 0.0760498046875 33699
0 0.093017578125 61513
0 0.12109375 57900
0 0.0263671875 25824
1 0.0401611328125 70223
0 0.0714111328125 24253
0 0.0653076171875 20772
0 0.0703125 96325
1 0.0367431640625 59617
59370000
3
11
0 0.0189208984375 81406
0 0.1177978515625 11669
1 0.103515625 99452
0 0.02783203125 4424
1 0.017578125 49713
0 0.0728759765625 31669
1 0.0916748046875 8958
0 0.0333251953125 97617
0 0.0538330078125 38182
0 0.033935546875 35570
0 0.028564453125 11205
4722000
9
11
1 0.041748046875 12776
0 0.09716796875 91290
1 0.0267333984375 54396
1 0.0819091796875 96798
0 0.000244140625 42338
1 0.121337890625 9897
1 0.0953369140625 46231
1 0.1070556640625 42137
0 0.0400390625 30181
0 0.0213623046875 63346
1 0.009521484375 50323
20494000
6
20
1 0.05712890625 68169
0 0.102783203125 66515
1 0.04345703125 41710
0 0.0806884765625 58125
1 0.0308837890625 41963
1 0.001953125 59813
0 0.0374755859375 3350
1 0.0826416015625 86850
1 0.010986328125 87008
0 0.0914306640625 14073
1 0.0816650390625 60102
1 0.0643310546875 69412
1 0.050537109375 8796
0 0.0660400390625 77502
1 0.0435791015625 51268
1 0.0299072265625 27146
1 0.055419921875 18113
0 0.1048583984375 56716
0 0.0999755859375 28313
1 0.0950927734375 4176
78859000
9
14
1 0.0679931640625 92696
0 0.107666015625 41501
1 0.10693359375 15846
1 0.066162109375 90479
1 0.0263671875 7317
0 0.1182861328125 38935
0 0.02197265625 79724
1 0.056640625 87815
0 0.0240478515625 25269
1 0.052978515625 81100
1 0.049560546875 58399
1 0.0706787109375 55977
0 0.0865478515625 82567
1 0.0556640625 60406
86561000
4
17
0 0.09375 51902
1 0.0238037109375 8304
0 0.0352783203125 51781
0 0.119873046875 46791
0 0.10888671875 868
0 0.01171875 17667
0 0.0791015625 90538
0 0.0604248046875 84009
1 0.0262451171875 10355
0 0.119873046875 23235
1 0.1195068359375 8017
0 0.1241455078125 14249
1 0.0797119140625 729
0 0.0399169921875 67445
0 0.0994873046875 64825
0 0.0018310546875 60339
0 0.0931396484375 73379
70063000
8
11
0 0.087646484375 85069
1 0.0504150390625 54753
0 0.0831298828125 89613
0 0.07861328125 70566
0 0.0816650390625 49036
1 0.0816650390625 43857
0 0.09814453125 91086
0 0.014404296875 23535
0 0.0447998046875 52582
0 0.08203125 60167
0 0.0570068359375 81663
6091000
3
15
0 0.0341796875 77937
1 0.091552734375 51490
0 0.00537109375 6521
1 0.0771484375 99491
1 0.0555419921875 83705
0 0.102294921875 95179
1 0.1046142578125 43959
1 0.0843505859375 84923
0 0.056396484375 98606
0 0.0836181640625 85698
0 0.1099853515625 2903
1 0.01513671875 43049
1 0.0380859375 87208
1 0.0455322265625 82753
1 0.076416015625 65182
7368000
9
11
1 0.094482421875 75189
0 0.0146484375 41631
0 0.0589599609375 88312
0 0.00048828125 78545
0 0.0438232421875 4167
0 0.009033203125 43952
1 0.1217041015625 61083
0 0.121826171875 89341
0 0.0020751953125 86357
0 0.074951171875 13618
0 0.03271484375 35363
70361000
3
19
1 0.0535888671875 20906
0 0.0146484375 94578
1 0.0382080078125 64951
1 0.051513671875 95647
0 0.0594482421875 23351
0 0.07275390625 97344
1 0.002197265625 48555
1 0.0037841796875 14061
1 0.10009765625 93490
1 0.050048828125 27131
1 0.03125 41086
1 0.039794921875 85416
0 0.0390625 94861
1 0.0963134765625 31283
0 0.0869140625 58059
0 0.09619140625 61758
0 0.094482421875 70436
0 0.1181640625 58089
0 0.0035400390625 92093
8839000
4
11
0 0.0772705078125 33243
0 0.0350341796875 40656
0 0.1243896484375 45574
0 0.0791015625 48940
1 0.0670166015625 43657
0 0.025634765625 43187
0 0.052734375 55518
0 0.1082763671875 94912
0 0.080078125 79504
0 0.0970458984375 39476
1 0.0599365234375 29886
35700000
3
10
0 0.069580078125 2402
0 0.075927734375 14666
1 0.08203125 13877
0 0.0311279296875 22722
1 0.0347900390625 57131
1 0.018798828125 89600
1 0.050537109375 56370
1 0.06103515625 43136
0 0.0609130859375 91608
0 0.10400390625 89546
92031000
5
16
1 0.0537109375 669
1 0.1126708984375 67351
0 0.0650634765625 33265
1 0.06201171875 28168
0 0.0390625 73807
1 0.0228271484375 91598
1 0.0181884765625 23620
1 0.0982666015625 82255
0 0.118896484375 74287
1 0.0428466796875 13484
1 0.01123046875 71817
0 0.0885009765625 6523
0 0.0045166015625 86083
1 0.0809326171875 78941
0 0.073486328125 64974
0 0.0419921875 949
90925000
7
20
0 0.1041259765625 49571
1 0.103759765625 38531
1 0.0347900390625 44962
0 0.0880126953125 87918
0 0.0579833984375 42775
1 0.0015869140625 5925
0 0.1153564453125 17470
1 0.0841064453125 43179
1 0.0328369140625 6966
1 0.00048828125 93228
1 0.0135498046875 34682
0 0.0050048828125 64104
1 0.118408203125 92806
1 0.0169677734375 45561
0 0.0208740234375 88875
0 0.047607421875 88253
1 0.0341796875 94821
0 0.0391845703125 21495
1 0.0654296875 36514
0 0.0548095703125 69807
66008000
4
17
1 0.0491943359375 28645
1 0.0992431640625 43463
0 0.0927734375 2338
0 0.08740234375 76222
0 0.0972900390625 7506
1 0.1240234375 79380
1 0.10400390625 90380
0 0.0316162109375 98448
1 0.0181884765625 52240
1 0.11083984375 23574
1 0.099609375 74344
0 0.1124267578125 38568
1 0.0843505859375 38530
0 0.0791015625 29839
1 0.0794677734375 66126
1 0.095947265625 75177
0 0.1104736328125 13572
36171000
6
11
0 0.123046875 34994
1 0.0565185546875 23452
1 0.0938720703125 6148
1 0.0809326171875 48307
1 0.002197265625 71622
1 0.1177978515625 70225
1 0.03125 54087
1 0.0469970703125 83110
0 0.08984375 13685
0 0.1005859375 50383
1 0.0262451171875 96628
4402000
10
19
0 0.005615234375 88278
1 0.072021484375 40179
0 0.0318603515625 67076
1 0.092529296875 48179
0 0.073974609375 74411
1 0.028076171875 6460
1 0.0465087890625 46686
0 0.0904541015625 29899
1 0.0687255859375 38036
0 0.046630859375 2971
0 0.1109619140625 80077
0 0.0743408203125 2575
0 0.112060546875 77547
0 0.0576171875 85619
0 0.09033203125 17134
0 0.046875 74798
0 0.0582275390625 64993
0 0.005859375 35164
1 0.052490234375 19659
12124000
3
11
1 0.011474609375 71843
0 0.0526123046875 5033
1 0.0947265625 92023
0 0.10693359375 60089
1 0.031005859375 69395
0 0.1212158203125 7629
0 0.1090087890625 13427
0 0.0604248046875 83357
0 0.0064697265625 13146
1 0.052978515625 76125
1 0.0960693359375 29665
13899000
10
14
0 0.05908203125 17122
1 0.12255859375 92875
1 0.0028076171875 48458
0 0.01611328125 25760
1 0.0615234375 81240
0 0.1051025390625 64590
1 0.10009765625 33437
1 0.075439453125 16040
0 0.0985107421875 60419
0 0.0693359375 16503
0 0.0208740234375 17550
1 0.0009765625 1933
1 0.118896484375 18718
1 0.0526123046875 59190
16857000
4
18
0 0.0496826171875 49527
0 0.060302734375 77621
1 0.0401611328125 98974
0 0.103271484375 49471
0 0.1046142578125 20420
0 0.08544921875 71557
1 0.11376953125 62716
0 0.0894775390625 84164
0 0.0821533203125 62249
0 0.051025390625 96276
0 0.064697265625 66701
1 0.02587890625 88321
0 0.119384765625 39650
1 0.1075439453125 78331
1 0.0350341796875 54817
1 0.0321044921875 79251
1 0.0579833984375 42139
1 0.11083984375 9948
73134000
6
13
1 0.1148681640625 77051
1 0.094970703125 30117
0 0.0098876953125 73497
0 0.078857421875 86143
1 0.0870361328125 93616
1 0.0533447265625 41907
0 0.10791015625 8697
0 0.00341796875 36879
1 0.106201171875 88315
0 0.111572265625 67285
1 0.0662841796875 94809
1 0.0162353515625 26104
1 0.0155029296875 69535
8628000
3
19
0 0.1243896484375 90633
1 0.0380859375 84200
0 0.064453125 28384
0 0.12353515625 55403
1 0.020263671875 29226
1 0.047119140625 3508
1 0.001953125 35693
0 0.087646484375 9862
0 0.119873046875 65092
0 0.10791015625 16146
0 0.0260009765625 28172
0 0.0308837890625 59708
1 0.0386962890625 69924
1 0.0194091796875 70240
1 0.10107421875 52005
0 0.1075439453125 37328
0 0.0953369140625 61031
1 0.0654296875 3824
1 0.1083984375 27359
84571000
8
17
1 0.1240234375 54245
1 0.0960693359375 79352
1 0.0946044921875 55130
0 0.0384521484375 1847
0 0.070068359375 17068
0 0.01904296875 46135
0 0.025146484375 38901
0 0.0115966796875 16525
1 0.104736328125 54226
1 0.1141357421875 52595
1 0.100341796875 7587
1 0.08935546875 7160
1 0.0736083984375 37465
0 0.0794677734375 47739
1 0.0706787109375 94177
1 0.0709228515625 20662
0 0.0562744140625 35013
22519000
8
13
0 0.056396484375 83638
0 0.05712890625 88228
1 0.020263671875 17843
1 0.0595703125 20709
1 0.0391845703125 39577
1 0.00830078125 64593
0 0.0032958984375 97687
0 0.09912109375 74681
1 0.048583984375 80075
0 0.0501708984375 68472
1 0.020751953125 24755
0 0.01953125 1542
0 0.0931396484375 54200
