60
25380000
9
16
0 0.057373046875 93581
0 0.0684814453125 94307
1 0.026611328125 90289
0 0.098876953125 72569
1 0.03125 77351
1 0.0384521484375 22959
0 0.0274658203125 9953
1 0.115478515625 59685
0 0.0966796875 86650
0 0.0797119140625 6153
1 0.1124267578125 54937
0 0.0775146484375 99514
1 0.111572265625 86184
0 0.0528564453125 28421
0 0.08447265625 27794
0 0.1094970703125 83994
16725000
7
17
0 0.029541015625 15253
0 0.1151123046875 7693
0 0.0350341796875 39532
0 0.09326171875 12415
1 0.0550537109375 67031
0 0.10009765625 32050
0 0.068359375 36223
1 0.06689453125 85086
0 0.03857421875 47620
0 0.0501708984375 2731
0 0.00439453125 76350
1 0.007568359375 32408
1 0.031005859375 75486
0 0.0260009765625 79369
0 0.072509765625 72802
0 0.0718994140625 5562
0 0.010009765625 99173
50826000
7
16
1 0.073486328125 35575
1 0.0440673828125 67663
1 0.068603515625 88917
1 0.0186767578125 24987
0 0.1103515625 97412
1 0.095703125 76943
0 0.1102294921875 10496
0 0.0709228515625 7942
0 0.0186767578125 55051
1 0.0587158203125 96076
1 0.0986328125 93359
0 0.0367431640625 46164
1 0.017333984375 95650
0 0.09912109375 29478
0 0.05322265625 64192
0 0.111328125 82390
5248000
6
13
1 0.1085205078125 62449
0 0.11376953125 14566
0 0.005126953125 74918
1 0.0107421875 2759
1 0.0009765625 15360
1 0.120361328125 75272
1 0.0263671875 97632
0 0.1026611328125 47098
1 0.0230712890625 40790
0 0.069580078125 41290
1 0.0556640625 11081
0 0.06787109375 26110
1 0.0574951171875 81928
14762000
10
14
0 0.0009765625 33445
0 0.0294189453125 50507
1 0.1063232421875 37780
1 0.07373046875 52656
1 0.1181640625 35783
1 0.00341796875 22335
0 0.068603515625 21512
1 0.0401611328125 72693
1 0.031982421875 40913
0 0.1102294921875 82372
1 0.024658203125 81507
1 0.0523681640625 50241
0 0.106201171875 88925
1 0.1021728515625 72145
84490000
10
11
1 0.0909423828125 72817
1 0.10693359375 75669
0 0.093017578125 49553
0 0.0440673828125 29728
0 0.0732421875 19958
0 0.08447265625 90751
1 0.1224365234375 26441
1 0.0235595703125 70121
1 0.05126953125 69885
0 0.034423828125 75076
1 0.12158203125 53542
65411000
3
19
1 0.08935546875 93588
1 0.092041015625 51282
0 0.0880126953125 60979
0 0.092041015625 85873
0 0.0006103515625 16918
0 0.0626220703125 2147
0 0.0321044921875 97169
0 0.0167236328125 73455
0 0.1031494140625 58470
1 0.05224609375 54156
0 0.105712890625 39844
0 0.1162109375 28417
0 0.0548095703125 92591
0 0.1156005859375 35678
1 0.0025634765625 57490
1 0.0443115234375 99357
1 0.0657958984375 98397
0 0.0079345703125 85758
1 0.0264892578125 221
81133000
9
10
1 0.07568359375 53721
0 0.033935546875 33653
0 0.124267578125 29955
0 0.071044921875 34056
0 0.08740234375 93005
0 0.0770263671875 24463
1 0.0611572265625 86039
0 0.104248046875 89813
1 0.0872802734375 2099
0 0.1201171875 93474
93859000
10
19
1 0.05810546875 7942
1 0.1024169921875 9513
1 0.0426025390625 90888
0 0.0284423828125 79014
0 0.005859375 63308
1 0.032470703125 77593
0 0.111083984375 50219
1 0.0689697265625 15615
1 0.1083984375 31714
0 0.0616455078125 54646
1 0.1002197265625 84561
0 0.0411376953125 15751
0 0.124267578125 62289
0 0.0675048828125 71240
1 0.0302734375 19291
0 0.0980224609375 29487
1 0.079345703125 48406
0 0.1103515625 86243
0 0.061279296875 68827
85414000
4
19
0 0.0965576171875 81355
1 0.07763671875 86105
0 0.0748291015625 81515
0 0.0855712890625 51104
0 0.119140625 30213
0 0.09521484375 74692
0 0.0546875 43167
1 0.0762939453125 10643
0 0.096435546875 25640
0 0.1177978515625 21749
1 0.1009521484375 17396
1 0.0245361328125 24561
0 0.069091796875 98040
1 0.10205078125 66457
1 0.0885009765625 65425
1 0.1138916015625 94450
0 0.0037841796875 42713
1 0.1204833984375 91045
0 0.1163330078125 33629
16768000
5
19
0 0.0848388671875 78707
0 0.080810546875 13900
1 0.0255126953125 6396
0 0.0438232421875 24620
0 0.112548828125 83109
0 0.053466796875 5345
1 0.1192626953125 35872
1 0.0946044921875 45331
0 0.036865234375 64124
0 0.064453125 24895
0 0.0394287109375 8150
1 0.0728759765625 47465
1 0.0849609375 65779
0 0.0406494140625 21088
1 0.01416015625 62576
1 0.09765625 40283
1 0.005615234375 41112
1 0.0179443359375 55712
0 0.0570068359375 59066
35102000
9
18
0 0.0906982421875 53834
0 0.1051025390625 22392
1 0.12060546875 9119
1 0.002685546875 43383
1 0.011474609375 42018
0 0.1231689453125 22195
1 0.0865478515625 52950
1 0.1202392578125 18995
1 0.0177001953125 47250
0 0.0738525390625 96523
1 0.1212158203125 86932
1 0.025390625 24331
1 0.046875 63283
1 0.0457763671875 7727
1 0.02685546875 75309
0 0.0775146484375 64066
1 0.1199951171875 87606
0 0.04541015625 35959
82140000
4
13
1 0.0989990234375 55831
1 0.085693359375 75900
1 0.023681640625 67100
1 0.009765625 98125
1 0.091064453125 5612
1 0.0955810546875 64901
1 0.10107421875 46489
0 0.022216796875 75540
1 0.093994140625 78711
0 0.0023193359375 11169
0 0.0333251953125 70534
0 0.1187744140625 71170
0 0.012451171875 84194
71194000
7
15
0 0.1072998046875 52926
1 0.0340576171875 25668
0 0.0772705078125 54427
1 0.0313720703125 86920
1 0.09814453125 64871
1 0.1146240234375 91772
1 0.05078125 95282
1 0.0267333984375 22323
0 0.09033203125 63613
0 0.005126953125 92461
0 0.0128173828125 24541
1 0.0941162109375 86918
0 0.09375 14464
0 0.0252685546875 14289
1 0.076171875 60022
60267000
8
15
1 0.014404296875 45136
1 0.091064453125 88870
1 0.052978515625 8685
1 0.01904296875 16506
0 0.0235595703125 75666
1 0.0042724609375 63189
0 0.015869140625 68874
0 0.03857421875 68692
1 0.1153564453125 64430
0 0.0513916015625 41961
0 0.017333984375 71079
1 0.0867919921875 34558
1 0.03955078125 79506
0 0.123291015625 47175
0 0.1165771484375 21803
95136000
9
10
0 0.0645751953125 12569
0 0.1220703125 57933
0 0.081787109375 98243
1 0.0657958984375 61494
1 0.0911865234375 41317
1 0.0777587890625 39928
1 0.107177734375 80012
0 0.074462890625 25472
1 0.11669921875 36758
0 0.1141357421875 53842
62057000
10
20
1 0.0009765625 24910
0 0.0504150390625 66818
0 0.121826171875 60682
1 0.0833740234375 43267
0 0.0921630859375 2966
0 0.0247802734375 22346
1 0.095458984375 19846
0 0.0849609375 56696
1 0.04296875 7277
1 0.0794677734375 28058
1 0.0035400390625 54130
1 0.0548095703125 28174
0 0.0311279296875 2047
0 0.0435791015625 26304
1 0.0438232421875 77192
0 0.0447998046875 13547
1 0.033447265625 59473
0 0.03271484375 82765
1 0.052978515625 75300
1 0.0269775390625 20570
90495000
9
13
0 0.0084228515625 64588
1 0.03271484375 2136
0 0.0076904296875 53876
1 0.0687255859375 60383
0 0.0126953125 62526
1 0.02294921875 38837
0 0.0789794921875 38620
1 0.124755859375 76329
1 0.00341796875 87911
0 0.00732421875 73859
0 0.087890625 63390
0 0.005859375 21794
0 0.055908203125 21397
34155000
6
19
0 0.1185302734375 93387
0 0.0018310546875 26693
1 0.007568359375 48570
1 0.0203857421875 83311
0 0.0380859375 71928
1 0.079833984375 15477
1 0.11572265625 14587
0 0.0594482421875 84971
0 0.007080078125 18861
1 0.0489501953125 7198
0 0.0635986328125 38923
1 0.0374755859375 12599
0 0.123779296875 81242
0 0.0391845703125 26030
1 0.052490234375 98749
0 0.02197265625 45755
0 0.0262451171875 57746
0 0.0955810546875 73653
1 0.1025390625 91519
52283000
10
16
0 0.0350341796875 24600
1 0.0194091796875 40807
1 0.12109375 63132
1 0.091064453125 199
0 0.024658203125 35921
1 0.073486328125 8436
0 0.0648193359375 57958
1 0.012451171875 44205
1 0.0689697265625 72678
1 0.0157470703125 16156
1 0.109619140625 99892
0 0.002197265625 76446
1 0.11376953125 80857
0 0.02001953125 69489
0 0.0831298828125 34887
0 0.0615234375 17287
51798000
9
14
0 0.031494140625 1244
0 0.02978515625 48263
0 0.091552734375 23214
0 0.0091552734375 4218
0 0.1002197265625 1963
0 0.0892333984375 17150
0 0.0281982421875 53495
1 0.0821533203125 47046
1 0.0426025390625 3824
0 0.0865478515625 83880
0 0.073974609375 12588
0 0.0357666015625 9158
0 0.0858154296875 16537
0 0.06298828125 42341
44506000
5
19
1 0.06640625 1850
0 0.005859375 26930
1 0.09375 77686
0 0.0430908203125 47553
0 0.0400390625 10884
1 0.0726318359375 19699
1 0.0592041015625 76562
0 0.0289306640625 11697
1 0.1221923828125 38673
1 0.1015625 74583
0 0.008544921875 27212
0 0.086181640625 85657
0 0.0302734375 92674
1 0.010498046875 29864
0 0.06982421875 20087
0 0.07861328125 33976
0 0.07080078125 26227
1 0.0240478515625 469
1 0.0367431640625 53824
57295000
8
14
0 0.066650390625 43773
0 0.0203857421875 20038
0 0.123291015625 33060
0 0.1051025390625 13900
1 0.060546875 38309
0 0.0347900390625 90435
1 0.0218505859375 30767
0 0.091552734375 21603
0 0.0128173828125 21812
0 0.0614013671875 34168
1 0.090576171875 61025
0 0.0328369140625 68582
1 0.093505859375 37454
0 0.08349609375 8088
54751000
7
13
1 0.08154296875 58143
1 0.1044921875 89323
0 0.0794677734375 9770
0 0.0780029296875 98626
0 0.10693359375 53857
1 0.1014404296875 27412
0 0.0526123046875 29862
0 0.0926513671875 96006
1 0.10693359375 70753
0 0.0560302734375 89494
1 0.010498046875 98804
1 0.04345703125 60895
0 0.1187744140625 74978
97890000
4
10
0 0.104248046875 11330
1 0.0582275390625 35605
0 0.114501953125 912
0 0.0682373046875 29282
0 0.0965576171875 80331
0 0.0694580078125 62180
1 0.0145263671875 8495
0 0.076904296875 56137
1 0.0599365234375 13489
0 0.124755859375 96148
43900000
6
18
1 0.0341796875 47424
0 0.0482177734375 76813
0 0.047607421875 78943
0 0.0909423828125 29169
0 0.03125 18404
0 0.0916748046875 25310
0 0.029296875 60011
1 0.0260009765625 95355
1 0.004638671875 71621
1 0.0343017578125 77780
1 0.031494140625 40885
1 0.1077880859375 48264
0 0.0537109375 51125
1 0.0343017578125 21469
0 0.0919189453125 35148
0 0.0322265625 89955
0 0.10498046875 5154
1 0.082275390625 58048
74852000
4
12
1 0.038818359375 33025
1 0.100830078125 32186
1 0.09912109375 31822
1 0.0186767578125 41668
0 0.0972900390625 37409
1 0.002197265625 7946
1 0.0579833984375 12390
0 0.0325927734375 87311
1 0.0909423828125 26164
1 0.111572265625 78611
1 0.064453125 99787
0 0.100341796875 32556
28950000
8
17
0 0.0302734375 1447
1 0.0045166015625 85132
0 0.085693359375 91625
0 0.063232421875 59577
1 0.074462890625 10942
0 0.021728515625 41284
1 0.0213623046875 34285
0 0.1119384765625 76586
1 0.008056640625 25834
0 0.083740234375 94167
1 0.04833984375 48906
0 0.1092529296875 35801
0 0.064453125 86438
1 0.0311279296875 72931
1 0.0462646484375 23095
1 0.0841064453125 79003
1 0.092529296875 84280
13837000
8
10
1 0.03076171875 21873
1 0.08056640625 85201
0 0.0731201171875 41472
0 0.001953125 83849
1 0.0478515625 47586
1 0.0504150390625 86241
1 0.0810546875 82612
1 0.120361328125 2772
1 0.0877685546875 25975
1 0.082763671875 67037
65531000
9
16
1 0.0037841796875 80713
0 0.0318603515625 1718
1 0.05517578125 68241
0 0.11669921875 11397
0 0.08203125 95873
0 0.0174560546875 9103
1 0.1116943359375 83347
1 0.0157470703125 3004
0 0.021240234375 786
1 0.110107421875 92898
1 0.029052734375 22715
0 0.0821533203125 9145
1 0.07080078125 55819
0 0.0145263671875 90843
1 0.111328125 54450
1 0.0789794921875 31703
12937000
4
19
1 0.034423828125 68416
0 0.1041259765625 45109
1 0.063232421875 48888
1 0.01220703125 35112
1 0.0205078125 50477
0 0.07763671875 9465
1 0.1143798828125 66762
1 0.102783203125 78812
0 0.1224365234375 69321
0 0.0926513671875 46370
0 0.01904296875 5382
0 0.004150390625 88754
0 0.06591796875 17067
1 0.031982421875 69171
1 0.0347900390625 52270
1 0.0767822265625 8095
1 0.1207275390625 79188
1 0.0487060546875 14877
1 0.0843505859375 66744
35261000
8
14
1 0.1142578125 14891
0 0.06787109375 11619
1 0.0823974609375 51819
1 0.042236328125 11264
1 0.079345703125 1111
1 0.0804443359375 40218
0 0.1199951171875 76283
1 0.072998046875 13063
0 0.1092529296875 98605
1 0.0240478515625 97357
1 0.0804443359375 21643
1 0.053466796875 19392
0 0.059326171875 82805
1 0.081298828125 3911
72201000
8
12
1 0.104736328125 8405
1 0.1046142578125 92332
1 0.0662841796875 24486
0 0.058837890625 46244
1 0.01025390625 94325
1 0.0511474609375 96692
1 0.0965576171875 67233
0 0.10009765625 99080
1 0.113525390625 64668
1 0.092041015625 49180
0 0.1248779296875 30495
1 0.029541015625 70652
66383000
4
12
0 0.111572265625 48118
0 0.04345703125 30729
1 0.086181640625 73009
0 0.0672607421875 5487
0 0.0865478515625 2206
0 0.095947265625 56551
0 0.0372314453125 13274
0 0.038818359375 67054
1 0.10791015625 21991
1 0.0047607421875 22983
1 0.0399169921875 26511
1 0.025634765625 89588
65626000
6
13
0 0.0899658203125 41899
1 0.11474609375 62788
0 0.0933837890625 55553
0 0.0582275390625 35889
1 0.0382080078125 59271
0 0.0516357421875 88802
1 0.0157470703125 80797
0 0.10888671875 99718
0 0.121337890625 99892
0 0.02685546875 5862
1 0.035400390625 44589
0 0.0460205078125 34152
1 0.03271484375 1365
22599000
6
19
0 0.0904541015625 54370
0 0.0693359375 11822
0 0.09814453125 22537
0 0.014404296875 23494
0 0.0185546875 65782
1 0.043212890625 46362
1 0.0634765625 63252
1 0.026611328125 62920
0 0.0137939453125 4071
1 0.1221923828125 33701
1 0.025634765625 33655
1 0.0191650390625 66641
0 0.046142578125 57905
0 0.0909423828125 12517
1 0.06689453125 99078
1 0.0643310546875 57496
1 0.0030517578125 67413
1 0.11767578125 58946
1 0.124755859375 19603
48438000
6
11
1 0.00390625 34167
1 0.10791015625 45556
0 0.0533447265625 90887
1 0.06005859375 34750
0 0.0157470703125 41343
1 0.0482177734375 25148
0 0.08154296875 9676
1 0.10791015625 42265
0 0.069091796875 10875
0 0.037109375 13644
0 0.0718994140625 42343
17485000
10
13
1 0.0103759765625 44339
1 0.0518798828125 69013
0 0.0531005859375 14454
1 0.042724609375 98230
1 0.0152587890625 68022
1 0.0015869140625 23610
1 0.113525390625 18469
0 0.03515625 75013
1 0.049560546875 68200
1 0.0299072265625 63273
1 0.048828125 19409
1 0.024169921875 25182
1 0.0865478515625 20753
37496000
10
11
1 0.0078125 5010
0 0.0970458984375 11870
1 0.0726318359375 10132
1 0.1060791015625 88392
1 0.04833984375 43170
1 0.0130615234375 729
0 0.105224609375 50873
0 0.02294921875 35549
1 0.1153564453125 34841
1 0.108154296875 26260
0 0.062744140625 21651
5789000
9
11
1 0.063720703125 54699
1 0.0509033203125 11322
1 0.039794921875 18617
1 0.1015625 830
1 0.118408203125 82524
0 0.038330078125 81992
0 0.08642578125 17719
1 0.077880859375 47596
1 0.0516357421875 182
1 0.0467529296875 29742
0 0.0089111328125 6057
64529000
4
13
1 0.003173828125 77303
1 0.0955810546875 77563
0 0.0093994140625 69872
0 0.0948486328125 11385
1 0.0806884765625 98616
0 0.0791015625 62295
1 0.0364990234375 29921
0 0.0472412109375 90848
1 0.0201416015625 34731
1 0.103759765625 79547
0 0.02880859375 35897
1 0.0301513671875 95253
1 0.070556640625 58686
13446000
9
17
0 0.093994140625 33969
0 0.065673828125 76614
0 0.0811767578125 13328
1 0.07861328125 97138
1 0.0125732421875 96812
0 0.007568359375 95516
0 0.08544921875 66552
0 0.0250244140625 9094
1 0.0068359375 39054
0 0.0928955078125 41145
0 0.086181640625 55847
1 0.0450439453125 10102
0 0.085205078125 92353
1 0.07421875 61291
1 0.0611572265625 8426
0 0.1219482421875 34481
0 0.0787353515625 70087
57792000
8
14
1 0.0322265625 77811
1 0.0245361328125 14546
1 0.0625 31309
1 0.0123291015625 58168
0 0.0692138671875 65156
0 0.0142822265625 36907
1 0.1068115234375 55874
0 0.0340576171875 71500
0 0.0421142578125 84071
1 0.1025390625 20567
1 0.0897216796875 9642
1 0.1048583984375 37409
0 0.06591796875 35344
1 0.0634765625 49938
18802000
10
14
1 0.010009765625 42859
0 0.0860595703125 15049
1 0.0263671875 2975
1 0.0399169921875 91015
0 0.08935546875 8379
0 0.1015625 46949
0 0.051025390625 57885
0 0.0855712890625 15715
0 0.0462646484375 75362
0 0.0506591796875 77570
0 0.0072021484375 96227
0 0.0804443359375 63414
0 0.089111328125 48511
1 0.080810546875 10661
51856000
10
15
0 0.0806884765625 8062
1 0.0484619140625 72936
1 0.023193359375 95782
0 0.10546875 21856
1 0.0245361328125 44439
0 0.096435546875 89145
1 0.010009765625 27517
1 0.0101318359375 88394
1 0.0252685546875 80995
0 0.1217041015625 55203
1 0.0794677734375 627
0 0.1060791015625 14839
1 0.0657958984375 93673
0 0.005859375 6374
1 0.091064453125 48383
6121000
4
17
1 0.007568359375 39630
1 0.0311279296875 10252
1 0.119140625 30104
0 0.1104736328125 94087
0 0.1126708984375 80507
0 0.03125 68329
1 0.0609130859375 72086
1 0.0545654296875 88424
1 0.0098876953125 16088
0 0.0068359375 40998
1 0.1204833984375 47926
0 0.000732421875 37032
0 0.048583984375 15423
0 0.0716552734375 22462
1 0.0657958984375 30434
0 0.0125732421875 86978
0 0.0516357421875 72443
72594000
5
14
0 0.0966796875 94240
1 0.095703125 58342
1 0.0672607421875 6658
0 0.02783203125 85120
1 0.0531005859375 23739
0 0.0802001953125 64785
0 0.0347900390625 27436
0 0.089599609375 94117
1 0.1185302734375 55844
1 0.0023193359375 59237
1 0.10302734375 11672
0 0.1171875 55111
0 0.1029052734375 40808
1 0.11572265625 73576
8049000
9
17
1 0.0706787109375 15222
1 0.097412109375 41669
0 0.1163330078125 43715
1 0.0343017578125 84699
0 0.0352783203125 24421
0 0.0654296875 36348
1 0.0830078125 92576
1 0.096923828125 80521
0 0.0859375 84060
1 0.00146484375 44834
0 0.041748046875 55631
0 0.1112060546875 36701
1 0.074951171875 60333
0 0.011474609375 13729
0 0.10302734375 43660
1 0.0050048828125 6872
1 0.00634765625 37449
39121000
5
10
1 0.0408935546875 69377
0 0.055419921875 12114
0 0.119140625 47917
0 0.09619140625 30685
0 0.0672607421875 53647
0 0.0289306640625 32596
1 0.0831298828125 78926
1 0.119384765625 63890
0 0.0758056640625 25240
0 0.0975341796875 54538
49614000
4
18
1 0.0841064453125 22849
1 0.0189208984375 69451
0 0.0916748046875 79478
1 0.0413818359375 91107
1 0.1109619140625 14834
0 0.1165771484375 14684
1 0.0645751953125 87992
1 0.0416259765625 72689
0 0.0863037109375 2918
0 0.0167236328125 54980
1 0.0828857421875 40051
1 0.067138671875 15938
0 0.11962890625 66853
0 0.05712890625 92818
1 0.0731201171875 28364
0 0.101318359375 35091
0 0.109375 92533
0 0.11572265625 30684
97158000
5
13
1 0.07421875 3365
0 0.1248779296875 96263
0 0.0625 30069
0 0.052001953125 16985
0 0.1075439453125 45042
0 0.0230712890625 22366
0 0.121337890625 74369
1 0.06689453125 80176
0 0.078369140625 63472
1 0.040771484375 46810
0 0.0172119140625 43908
0 0.09423828125 32227
0 0.052490234375 49912
12989000
5
10
0 0.1234130859375 99473
0 0.00146484375 42499
0 0.03515625 88275
0 0.0426025390625 56190
0 0.1165771484375 89302
0 0.0546875 8170
1 0.0272216796875 92323
0 0.0521240234375 33177
0 0.10986328125 90245
1 0.04052734375 59454
54117000
6
12
1 0.03857421875 97822
1 0.0965576171875 22092
0 0.0909423828125 94023
0 0.02978515625 69236
1 0.08154296875 26609
0 0.013671875 34498
0 0.1080322265625 44238
1 0.0184326171875 64266
1 0.00634765625 10407
0 0.1026611328125 89355
0 0.0845947265625 30368
1 0.1220703125 4832
86828000
7
14
1 0.0408935546875 29617
1 0.0634765625 37742
0 0.0784912109375 72870
1 0.041259765625 21881
0 0.099853515625 5627
1 0.0743408203125 69640
1 0.0247802734375 98520
0 0.0577392578125 4242
1 0.083251953125 66581
1 0.0396728515625 60828
0 0.0328369140625 60822
0 0.0528564453125 62407
1 0.017333984375 35230
1 0.07861328125 98551
29064000
8
10
1 0.060302734375 44447
0 0.04443359375 85845
0 0.0146484375 42944
0 0.1221923828125 6148
0 0.018798828125 25347
1 0.036865234375 45958
1 0.0599365234375 14446
0 0.103515625 39603
0 0.1063232421875 87248
1 0.0552978515625 41133
65362000
3
12
0 0.0062255859375 22266
1 0.01416015625 15272
1 0.0966796875 51967
1 0.0677490234375 21667
0 0.108154296875 27223
0 0.1156005859375 44661
0 0.066650390625 14500
0 0.0648193359375 35410
0 0.0035400390625 65896
1 0.0521240234375 54104
0 0.0465087890625 546
1 0.077880859375 6185
26395000
3
18
1 0.106201171875 16807
1 0.0205078125 28260
0 0.0125732421875 8833
0 0.0618896484375 16469
1 0.1224365234375 30618
0 0.107421875 62183
0 0.056884765625 61945
0 0.023681640625 12432
1 0.0047607421875 41323
0 0.0196533203125 45415
0 0.112060546875 36895
1 0.0025634765625 96763
1 0.000732421875 65301
1 0.08740234375 32398
1 0.005126953125 57033
0 0.0810546875 96511
1 0.053466796875 15099
1 0.121826171875 6033
46846000
5
17
1 0.092041015625 22337
1 0.0914306640625 38175
0 0.12158203125 46259
0 0.0927734375 24660
0 0.1177978515625 1783
1 0.0654296875 83130
1 0.108642578125 84797
0 0.0941162109375 22238
1 0.01318359375 11421
1 0.0960693359375 58169
0 0.0927734375 64311
0 0.0731201171875 66959
1 0.0179443359375 23479
0 0.0693359375 24967
0 0.0089111328125 64526
1 0.118408203125 93562
0 0.076416015625 16725
6520000
6
17
0 0.0828857421875 59705
0 0.0819091796875 26203
1 0.1219482421875 61339
1 0.084228515625 50089
1 0.1162109375 60858
1 0.0400390625 15884
1 0.00537109375 57623
1 0.000732421875 33639
1 0.0361328125 47368
0 0.0057373046875 7180
0 0.0889892578125 5393
1 0.0799560546875 75793
0 0.0361328125 44619
1 0.03125 70636
0 0.1171875 39773
1 0.0447998046875 67567
1 0.039306640625 30019
44444000
3
12
0 0.07763671875 81413
0 0.002197265625 38860
0 0.04296875 98730
1 0.0220947265625 59813
1 0.078125 57185
1 0.1175537109375 1921
0 0.106201171875 90210
0 0.1026611328125 80842
0 0.00439453125 68755
1 0.04833984375 85755
1 0.028076171875 62794
0 0.00927734375 48672
