5
0 0
0 10
5 15
10 10
10 0

10
0 0
0 5
5 5
5 10
10 10
10 15
15 15
15 20
20 20
20 0

6
0 15
10 10
25 20
30 5
15 10
5 0

7
0 30
10 10
30 0
20 0
10 3
3 10
0 20

8
15 0
10 13
10 0
0 10
15 20
30 10
20 0
20 13

17
25 40
40 35
45 25
45 15
40 5
30 0
35 10
35 20
30 30
20 30
15 20
15 10
20 0
10 15
5 15
5 25
10 35

41
65 30
56 58
42 17
41 37
28 5
30 25
21 32
20 20
16 33
22 38
27 32
36 47
16 56
13 48
8 62
19 68
24 62
38 71
37 77
31 80
28 74
28 70
23 78
33 85
45 77
60 88
65 84
53 60
74 70
78 77
78 85
85 89
90 80
82 55
90 58
95 54
93 47
87 43
82 46
78 57
68 43

0
