5
985 985
985 995
995 1000
1000 995
995 985

6
0 0
5 20
10 11
20 20
15 0
10 9

8
15 20
30 25
30 15
25 5
15 0
5 5
0 15
0 25

12
10 5
10 0
0 0
0 20
25 20
25 0
15 0
15 5
20 5
20 15
5 15
5 5

12
0 5
10 10
0 15
10 20
0 25
10 30
20 30
30 20
20 15
30 10
20 0
10 0

10
0 10
5 30
10 25
20 30
30 5
20 20
15 15
15 10
20 10
10 0

50
15 20
6 23
3 38
25 51
30 43
25 44
22 40
33 33
40 48
35 53
16 57
19 64
23 58
46 66
50 55
59 61
57 52
48 51
55 36
63 42
68 42
71 35
69 31
65 30
63 34
66 38
62 39
49 19
45 32
40 30
45 13
40 8
35 17
34 24
31 27
28 24
32 12
28 2
27 12
25 5
24 11
20 10
24 19
16 33
19 34
15 40
12 39
10 35
14 35
10 22

0
